1 0.46673662 0.86064278 0.16971443 -0.11246309 -4.2022 92.5129 1059.4477 1 000022.jpg

2 0.47572757 0.85444543 0.17024142 -0.12092981 21.7084 100.5368 1054.4968 1 000042.jpg

3 0.47565323 0.85391042 0.17538579 -0.11760511 26.4817 91.0360 1055.5674 1 000049.jpg

4 0.47052357 0.85694326 0.18176553 -0.10591078 19.3320 69.1473 1052.3043 1 000062.jpg

5 0.48146350 0.85632295 0.16125604 -0.09434246 -12.1685 84.8014 1064.9908 1 000089.jpg

6 0.48768661 0.85540794 0.15328943 -0.08331382 -20.6122 90.5901 1064.6204 1 000100.jpg

7 0.48889847 0.86314599 0.10391782 -0.07182221 -88.0279 83.0496 1049.1282 1 000128.jpg

8 0.49696387 0.85586404 0.11993523 -0.07835310 -58.9649 83.5148 1044.1818 1 000205.jpg

9 0.51288985 0.84781703 0.11193992 -0.07496688 -5.1691 86.0057 1101.9052 1 000360.jpg

10 0.53038547 0.84162656 0.08144836 -0.06100917 30.7042 118.3457 1123.2483 1 000454.jpg

11 0.53429884 0.84218366 0.05612692 -0.04583807 8.1405 106.9544 1135.9331 1 000512.jpg

12 0.53394429 0.84239360 0.05699719 -0.04503003 9.0570 106.4101 1135.9811 1 000513.jpg

13 0.53354756 0.84289768 0.05523894 -0.04241585 9.8592 103.0819 1134.8522 1 000526.jpg

14 0.53327666 0.84322788 0.05661916 -0.03710663 3.1079 100.5823 1134.8735 1 000530.jpg

15 0.53456174 0.84339978 0.04594967 -0.02843839 -20.3638 94.0600 1134.5383 1 000546.jpg

16 0.53761045 0.84144569 0.04665207 -0.02770654 -11.3122 99.5889 1132.9710 1 000562.jpg

17 0.53688476 0.84184546 0.04743021 -0.02829397 -8.1537 98.4041 1133.1812 1 000563.jpg

18 0.54223058 0.83912549 0.04068721 -0.01411918 -35.7693 110.1534 1134.6401 1 000588.jpg

19 0.54173518 0.83948536 0.03941981 -0.01528233 -28.3696 105.0207 1137.0495 1 000598.jpg

20 0.54279439 0.83874255 0.04114463 -0.01388440 -28.3075 104.6576 1137.4385 1 000603.jpg

21 0.54132730 0.83977521 0.03984613 -0.01241776 -23.9494 104.5463 1137.2667 1 000610.jpg

22 0.54078670 0.84012745 0.03951336 -0.01320322 -22.0303 104.0326 1137.3127 1 000612.jpg

23 0.54346550 0.83853207 0.03709904 -0.01154567 -21.3520 112.2768 1135.6460 1 000618.jpg

24 0.54762122 0.83601764 0.03279498 -0.01050525 -26.1967 118.8653 1134.5874 1 000621.jpg

25 0.54682493 0.83655477 0.03248887 -0.01015490 -26.0494 119.6287 1134.5045 1 000622.jpg

26 0.54854216 0.83566184 0.02772102 -0.00145554 -41.7777 120.3901 1133.9280 1 000638.jpg

27 0.54906898 0.83532582 0.02744696 0.00078697 -44.7553 119.9834 1133.9867 1 000641.jpg

28 0.55053815 0.83434863 0.02757425 0.00313144 -44.0195 122.5020 1135.1013 1 000649.jpg

29 0.55377410 0.83220397 0.02751686 0.00376792 -42.4579 126.5074 1135.1949 1 000654.jpg

30 0.55144039 0.83355112 0.03290374 0.00483760 -32.0351 123.3714 1135.3429 1 000663.jpg

31 0.55008045 0.83449248 0.03204654 0.00271701 44.7456 125.3266 1129.7317 1 000793.jpg

32 0.54112475 0.83978925 0.04312670 0.00883327 34.6710 108.3751 1032.3564 1 000920.jpg

33 0.54618198 0.83634305 -0.01006148 0.04598541 -0.9740 99.3791 1046.5222 1 001025.jpg

34 0.54487613 0.83723386 -0.01320048 0.04444230 9.5699 95.2763 1047.0865 1 001038.jpg

35 0.54497500 0.83724208 -0.01327552 0.04303220 12.7542 95.4501 1047.4083 1 001040.jpg

36 0.54473296 0.83740481 -0.01350676 0.04286499 14.1795 95.8447 1047.4440 1 001041.jpg

37 0.54488210 0.83730499 -0.01356504 0.04289382 14.8088 96.0101 1047.4526 1 001042.jpg

38 0.54544134 0.83690439 -0.01344952 0.04363137 15.4787 96.7674 1046.9317 1 001044.jpg

39 0.54593223 0.83654980 -0.01469986 0.04388777 16.1708 98.6991 1046.1399 1 001046.jpg

40 0.54642314 0.83619583 -0.01525018 0.04434302 16.5893 99.9104 1045.4084 1 001048.jpg

41 0.54573918 0.83660569 -0.01511207 0.04506383 16.9958 100.0580 1045.2005 1 001049.jpg

42 0.54643252 0.83607121 -0.01634214 0.04614110 16.4001 100.7455 1043.5831 1 001053.jpg

43 0.54636755 0.83614958 -0.01696674 0.04526280 17.3097 99.9146 1043.0563 1 001055.jpg

44 0.54430139 0.83739774 -0.01724757 0.04694238 20.8784 95.7440 1041.3931 1 001064.jpg

45 0.54371960 0.83771029 -0.01878740 0.04751401 20.9010 95.1422 1041.1348 1 001068.jpg

46 0.54328607 0.83772809 -0.02736266 0.04798780 19.7679 93.4188 1042.0459 1 001088.jpg

47 0.54348321 0.83721768 -0.03126578 0.05210744 15.4925 89.3128 1042.0719 1 001100.jpg

48 0.54266403 0.83763521 -0.03213443 0.05338794 15.6756 88.9023 1042.3621 1 001103.jpg

49 0.54064290 0.83860714 -0.03739011 0.05518776 14.2405 83.8063 1041.5489 1 001115.jpg

50 0.54044056 0.83858204 -0.03962878 0.05597916 13.3459 83.9387 1040.9484 1 001120.jpg

51 0.54172064 0.83731395 -0.04655213 0.05724477 10.9958 85.5954 1040.2719 1 001132.jpg

52 0.54117072 0.83754254 -0.04734740 0.05843632 11.3028 83.5056 1040.4838 1 001136.jpg

53 0.54068706 0.83727036 -0.05236855 0.06239039 6.3363 79.1224 1037.6687 1 001147.jpg

54 0.53989883 0.83761757 -0.05374261 0.06338961 5.4322 78.0647 1036.2457 1 001151.jpg

55 0.54062880 0.83654395 -0.05852916 0.06699796 1.1086 79.5125 1032.8588 1 001161.jpg

56 0.54102680 0.83616283 -0.05936101 0.06780847 1.8812 81.5995 1033.1887 1 001164.jpg

57 0.53977982 0.83632203 -0.06687968 0.06877374 0.7257 80.6341 1036.0968 1 001176.jpg

58 0.53938623 0.83655687 -0.06621939 0.06964161 0.8075 80.6802 1036.4813 1 001177.jpg

59 0.54093599 0.83449938 -0.07487198 0.07343484 -3.2854 79.9856 1036.5050 1 001189.jpg

60 0.54199031 0.82663516 -0.10147543 0.11235482 -4.0643 80.6313 1008.3303 1 001347.jpg

61 0.54484952 0.81266888 -0.17066372 0.11654365 19.3382 74.1614 1007.4170 1 001520.jpg

62 0.54703976 0.80625584 -0.18792050 0.12403623 -4.1976 91.5452 1000.5343 1 001543.jpg

63 0.54789575 0.80530466 -0.18715189 0.12754890 -1.7120 87.9477 1000.2111 1 001563.jpg

64 0.54745319 0.80488707 -0.19091505 0.12650397 -1.9553 89.5471 999.9018 1 001567.jpg

65 0.54742968 0.80555050 -0.18560853 0.13022449 4.9469 84.8131 1001.4042 1 001585.jpg

66 0.54886337 0.80607902 -0.17745978 0.13226425 10.7553 79.8689 1003.9571 1 001592.jpg

67 0.55059649 0.80657161 -0.16977814 0.13213987 23.2729 75.0593 1007.5888 1 001603.jpg

68 0.55083028 0.80661778 -0.16880308 0.13213553 25.5262 74.2633 1007.9172 1 001604.jpg

69 0.55119575 0.80722548 -0.16356272 0.13347980 34.9934 72.2801 1011.0885 1 001609.jpg

70 0.55273637 0.80634733 -0.16300433 0.13310143 37.6561 74.9750 1011.7102 1 001612.jpg

71 0.55402798 0.80316431 -0.16691436 0.14184437 28.0238 81.8276 1005.6284 1 001625.jpg

72 0.55658355 0.80124942 -0.17096750 0.13778255 32.2244 82.4339 1004.9057 1 001632.jpg

73 0.55879625 0.79978078 -0.16455475 0.14498174 30.2315 85.3469 1003.0210 1 001643.jpg

74 0.56440898 0.79601541 -0.15885732 0.15021811 37.2918 96.1206 1000.9572 1 001666.jpg

75 0.56865785 0.78954331 -0.16466224 0.16166734 35.6209 103.3369 988.5802 1 001717.jpg

