1 0.42418742 0.88785753 -0.12615115 0.12593659 41.9542 38.6584 1048.6329 1 000001.jpg

2 0.42694390 0.88718389 -0.12607984 0.12135703 41.9761 43.3979 1051.7060 1 000024.jpg

3 0.42852764 0.88728349 -0.12405843 0.11705447 42.2105 47.8689 1054.3615 1 000038.jpg

4 0.43188277 0.88583703 -0.12148171 0.11837364 31.6184 58.1492 1054.5218 1 000049.jpg

5 0.43520782 0.88542815 -0.11509968 0.11559916 32.0544 64.4407 1055.6669 1 000061.jpg

6 0.43914857 0.88441082 -0.10983168 0.11359088 30.1923 75.0383 1054.3204 1 000074.jpg

7 0.43477394 0.88630370 -0.11434483 0.11118751 19.9750 58.8159 1050.1722 1 000081.jpg

8 0.43316359 0.88663789 -0.12186824 0.10672745 8.9394 54.3311 1050.7692 1 000088.jpg

9 0.43274631 0.88900295 -0.11207584 0.09921351 4.8901 48.2533 1044.8904 1 000119.jpg

10 0.43538208 0.89488295 -0.05978299 0.07779976 2.4515 20.6361 1008.3018 1 000246.jpg

11 0.48534498 0.87257779 -0.01556984 0.05297032 11.0117 77.9829 960.5389 1 000483.jpg

12 0.49134622 0.86935033 -0.01490110 0.05086028 -3.9462 86.3341 950.0450 1 000518.jpg

13 0.49236809 0.86877888 -0.01617943 0.05034917 -11.4897 88.7821 945.8162 1 000526.jpg

14 0.49213443 0.86887844 -0.01554843 0.05110790 -13.5230 90.1083 944.6506 1 000528.jpg

15 0.49202590 0.86907163 -0.01544622 0.04885104 -15.8956 85.7661 940.4832 1 000537.jpg

16 0.49141147 0.86957015 -0.01377042 0.04661366 -12.5191 82.3897 939.7173 1 000541.jpg

17 0.48710365 0.87235644 -0.01374206 0.03918467 -8.7216 71.4665 937.2626 1 000553.jpg

18 0.48673688 0.87257206 -0.01394378 0.03887072 -9.1237 71.0212 936.6802 1 000554.jpg

19 0.48428413 0.87394150 -0.01164677 0.03948703 -12.2305 70.6223 929.0171 1 000565.jpg

20 0.48103261 0.87585330 -0.00699478 0.03794388 -7.9186 65.5616 921.1502 1 000574.jpg

21 0.47980300 0.87649201 -0.00660394 0.03882274 -7.4941 64.8192 920.3617 1 000575.jpg

22 0.47762969 0.87763859 -0.00284550 0.04015303 -10.1501 66.0508 911.8701 1 000584.jpg

23 0.47905964 0.87680314 -0.00150630 0.04142327 -12.4833 78.3065 907.5357 1 000592.jpg

24 0.47873121 0.87701197 -0.00017141 0.04082436 -10.6215 78.4961 905.4262 1 000597.jpg

25 0.47547434 0.87889391 -0.00010954 0.03833705 -10.2708 74.7443 898.9715 1 000606.jpg

26 0.47287858 0.88031372 0.00152122 0.03783083 -6.6192 70.9221 894.2375 1 000610.jpg

27 0.47251431 0.88043895 0.00309916 0.03934026 -6.5846 71.4385 890.0497 1 000613.jpg

28 0.47098214 0.88125422 0.00663835 0.03902529 -2.7094 72.8590 881.5260 1 000621.jpg

29 0.48186839 0.87443067 0.05627130 -0.00273970 35.9366 75.0807 798.5472 1 000790.jpg

30 0.48298347 0.87074408 0.08795839 -0.02819655 -6.6042 86.4201 802.8615 1 000844.jpg

31 0.47076762 0.86036344 0.17596779 -0.08478112 41.0017 56.3194 812.4159 1 000978.jpg

32 0.47286244 0.85924778 0.16682906 -0.10130425 19.8449 71.1087 806.6879 1 001026.jpg

33 0.47234039 0.85940459 0.16649987 -0.10293755 19.7835 71.0659 805.5317 1 001028.jpg

34 0.46955874 0.86153439 0.16206086 -0.10492602 10.6333 68.4350 802.3904 1 001035.jpg

35 0.46757487 0.86289817 0.15922823 -0.10689610 5.9868 66.2308 801.5541 1 001040.jpg

36 0.46529563 0.86361493 0.16033766 -0.10936717 7.1898 64.0512 798.2542 1 001046.jpg

37 0.46302606 0.86343196 0.16542792 -0.11280808 12.0509 63.0477 792.9704 1 001054.jpg

38 0.46108497 0.86433255 0.16516733 -0.11423485 11.5583 62.0145 790.3840 1 001057.jpg

39 0.45880577 0.86157429 0.17944245 -0.12242325 28.8771 60.6357 790.8411 1 001066.jpg

40 0.45958737 0.85885520 0.18862697 -0.12476771 33.1635 62.7456 793.5888 1 001071.jpg

41 0.46034847 0.85780344 0.19056551 -0.12624218 32.2075 65.6361 794.6622 1 001073.jpg

42 0.46134280 0.85627055 0.19276005 -0.12964249 32.3046 69.8573 797.3049 1 001076.jpg

43 0.46220481 0.85546654 0.19365719 -0.13053947 30.2286 72.0405 798.5445 1 001078.jpg

44 0.46270779 0.85493699 0.19473599 -0.13062220 24.2725 74.5352 799.9778 1 001081.jpg

45 0.46279947 0.85468064 0.19554263 -0.13076978 22.3164 74.2704 800.2761 1 001082.jpg

46 0.46312235 0.85443944 0.19600833 -0.13050512 19.8014 74.2549 800.2872 1 001083.jpg

47 0.46335542 0.85396648 0.19788277 -0.12994357 13.5281 74.5551 800.9180 1 001086.jpg

48 0.46369333 0.85364718 0.19854983 -0.12981859 11.7635 74.7799 801.1455 1 001087.jpg

49 0.46286078 0.85269485 0.20252702 -0.13286890 9.5080 74.4873 803.0888 1 001092.jpg

50 0.46281374 0.85243255 0.20326271 -0.13359098 9.5619 74.7819 803.4981 1 001093.jpg

51 0.46327159 0.84973643 0.20962647 -0.13922673 13.5474 78.6904 806.5619 1 001099.jpg

52 0.46318044 0.84868869 0.21236409 -0.14174941 16.7931 79.7989 807.7589 1 001101.jpg

53 0.46389469 0.84522793 0.22213594 -0.14507610 20.6268 83.7732 809.7211 1 001108.jpg

54 0.46338502 0.84292378 0.23049741 -0.14705422 20.0096 84.2062 808.9090 1 001116.jpg

55 0.46285028 0.84264776 0.23226342 -0.14754065 20.6723 83.3593 808.2643 1 001118.jpg

56 0.46126745 0.82880712 0.27005137 -0.16547903 25.0149 90.0277 815.5265 1 001159.jpg

57 0.44441936 0.81448803 0.32358640 -0.18545257 -1.7513 62.9933 824.0899 1 001290.jpg

58 0.42701301 0.80050781 0.36323037 -0.21192142 -24.5698 40.6861 835.1859 1 001440.jpg

59 0.41846761 0.75214244 0.43503296 -0.26441029 19.6730 63.0766 861.9998 1 001527.jpg

60 0.41182201 0.75371032 0.43718951 -0.26681252 15.9036 53.7359 860.8366 1 001538.jpg

61 0.41181665 0.75357747 0.43699986 -0.26750561 15.3973 54.2640 861.1861 1 001539.jpg

62 0.40847185 0.75232357 0.43900725 -0.27282344 18.5697 52.3372 866.3307 1 001549.jpg

63 0.40969477 0.74571308 0.44958981 -0.27190263 22.5770 46.7834 874.0338 1 001560.jpg

64 0.40950435 0.74325584 0.45258070 -0.27394827 26.9772 47.2019 877.8532 1 001563.jpg

65 0.41061996 0.73996098 0.45491385 -0.27731229 30.0454 50.5785 881.3777 1 001566.jpg

66 0.40915824 0.73842214 0.45710981 -0.27995135 34.5336 52.0370 884.2467 1 001570.jpg

67 0.40886514 0.73161226 0.46700796 -0.28191542 42.0637 50.5653 887.1751 1 001585.jpg

68 0.40820634 0.73324314 0.46458123 -0.28264138 36.5395 50.9154 888.6398 1 001589.jpg

69 0.40833491 0.73489982 0.46137649 -0.28340176 29.0038 51.3437 889.0081 1 001593.jpg

70 0.40747527 0.73391263 0.46476002 -0.28166333 24.9496 46.0401 889.0952 1 001602.jpg

71 0.40413429 0.72460506 0.48322668 -0.27949035 41.7551 30.5355 888.5630 1 001612.jpg

72 0.39969399 0.71392804 0.49931468 -0.28502005 74.3987 24.5855 893.8757 1 001621.jpg

73 0.39666580 0.70856563 0.50697844 -0.28907415 98.3429 19.9625 897.0074 1 001628.jpg

74 0.37019813 0.70676410 0.52334399 -0.29924705 91.4552 -16.5587 864.0743 1 001712.jpg

75 0.34973745 0.69908941 0.52702737 -0.33346615 58.9037 8.9528 850.7591 1 001827.jpg

