1 0.35567669 0.72074163 -0.56029301 0.20024270 56.4886 -13.6191 885.1360 1 000001.jpg

2 0.36257012 0.71299725 -0.56731215 0.19579248 55.2816 -7.7613 893.5333 1 000036.jpg

3 0.36843561 0.70587164 -0.57403602 0.19100604 53.6167 -5.3112 901.9343 1 000047.jpg

4 0.37464096 0.69687721 -0.58016892 0.19341750 45.7419 3.5859 910.8083 1 000058.jpg

5 0.38107862 0.69394474 -0.57947265 0.19347038 52.5715 10.5438 919.8121 1 000065.jpg

6 0.38558846 0.68806261 -0.58425497 0.19114830 45.2908 17.7298 924.9319 1 000073.jpg

7 0.39005167 0.68186031 -0.59031190 0.18562856 41.4310 15.5980 928.7578 1 000091.jpg

8 0.40051387 0.67557648 -0.58999020 0.18734074 40.7689 28.9186 930.1857 1 000109.jpg

9 0.39976470 0.67839156 -0.58391498 0.19752494 21.2763 38.7825 929.2308 1 000125.jpg

10 0.39590394 0.68648217 -0.57716939 0.19717446 24.4356 22.9104 922.4584 1 000148.jpg

11 0.40779380 0.71729021 -0.52286751 0.21402983 25.6661 32.9689 896.5153 1 000231.jpg

12 0.42883849 0.76817674 -0.40713580 0.24544348 16.1074 45.0636 878.0969 1 000357.jpg

13 0.45969503 0.78287882 -0.35626363 0.22103724 60.0104 33.2624 880.0555 1 000521.jpg

14 0.46213868 0.78082136 -0.35601165 0.22361033 55.3183 37.8277 879.4935 1 000526.jpg

15 0.46606278 0.78035248 -0.35194256 0.22354411 54.8214 41.6302 879.3399 1 000537.jpg

16 0.46777816 0.78056070 -0.34910386 0.22368520 55.1592 42.9433 878.3399 1 000542.jpg

17 0.47031911 0.78219339 -0.34243098 0.22296733 59.4459 42.1237 877.1682 1 000552.jpg

18 0.47330851 0.78108674 -0.34028007 0.22381259 59.1245 46.4460 877.4624 1 000558.jpg

19 0.47477480 0.78062379 -0.33958355 0.22338001 57.7064 46.2719 877.6835 1 000564.jpg

20 0.47457581 0.78108754 -0.33888231 0.22324597 55.8556 44.1711 877.3448 1 000570.jpg

21 0.47594373 0.78160028 -0.33684417 0.22161801 58.4694 44.4176 876.6750 1 000576.jpg

22 0.48017307 0.78050609 -0.33197467 0.22368903 56.8106 49.0033 875.6742 1 000591.jpg

23 0.48171563 0.78134531 -0.32892819 0.22193667 61.8823 50.5311 875.3074 1 000594.jpg

24 0.48542403 0.78021632 -0.32311231 0.22632823 56.0835 53.4802 872.4705 1 000617.jpg

25 0.48571065 0.78009150 -0.32211766 0.22755795 48.6387 49.4994 868.6502 1 000629.jpg

26 0.48598055 0.77938870 -0.32193917 0.22963298 46.5304 50.4292 868.1146 1 000631.jpg

27 0.49282494 0.77755450 -0.31561293 0.23004568 46.9144 56.8157 864.3391 1 000651.jpg

28 0.49253926 0.77956222 -0.31267934 0.22785802 46.0005 50.0901 858.1961 1 000669.jpg

29 0.51539960 0.77636847 -0.29246263 0.21466305 48.5078 62.4253 845.0352 1 000762.jpg

30 0.54200023 0.78169801 -0.25446938 0.17443996 53.5190 54.1061 828.4341 1 001024.jpg

31 0.54597001 0.77743648 -0.25806364 0.17581918 46.8912 59.2631 828.5585 1 001036.jpg

32 0.54636183 0.77697091 -0.25946555 0.17459263 42.8404 58.6509 826.8388 1 001052.jpg

33 0.54737304 0.77556020 -0.26133708 0.17490540 35.2707 61.3214 825.6628 1 001067.jpg

34 0.54496009 0.77620455 -0.26168703 0.17901219 23.9526 59.4834 826.6320 1 001095.jpg

35 0.54623919 0.77529040 -0.26240954 0.17801313 21.9365 60.1529 827.0522 1 001102.jpg

36 0.54590407 0.77769433 -0.25826745 0.17457875 24.0317 61.6288 824.2007 1 001130.jpg

37 0.54673234 0.77921081 -0.25427488 0.17105034 27.6279 64.2852 818.5350 1 001144.jpg

38 0.54811358 0.77840983 -0.25424511 0.17032008 26.8804 66.3772 817.0385 1 001150.jpg

39 0.54930092 0.77750689 -0.25441210 0.17036837 24.1285 67.5190 814.2667 1 001157.jpg

40 0.55512318 0.77331575 -0.25439971 0.17059367 20.2100 75.5345 811.0942 1 001168.jpg

41 0.55386641 0.77432390 -0.25469625 0.16966140 17.6689 74.6653 810.9295 1 001172.jpg

42 0.55528731 0.77482591 -0.25240690 0.16610455 18.5524 75.8740 809.4547 1 001179.jpg

43 0.54305064 0.79398949 -0.23002749 0.14752768 21.1831 64.4645 790.5616 1 001269.jpg

44 0.54980269 0.81098321 -0.16867237 0.10757996 28.0788 72.1422 803.7597 1 001491.jpg

45 0.54550596 0.81759510 -0.15636154 0.09753331 28.5867 58.6605 802.8117 1 001554.jpg

46 0.54179470 0.81977500 -0.15777346 0.09764815 23.4026 53.9907 803.4305 1 001557.jpg

47 0.53843918 0.82200463 -0.15773756 0.09752262 15.9187 47.8215 805.4828 1 001565.jpg

48 0.53706773 0.82278961 -0.15797367 0.09808074 11.3919 46.3064 806.4435 1 001568.jpg

49 0.53643406 0.82319717 -0.15781401 0.09838488 5.2817 48.0703 808.5279 1 001575.jpg

50 0.53750140 0.82338810 -0.15380236 0.09730719 7.0265 52.2789 809.8504 1 001582.jpg

51 0.53951599 0.82233615 -0.15552801 0.09217660 9.0093 54.0502 809.9821 1 001587.jpg

52 0.53910087 0.82311915 -0.15354960 0.09092408 9.1834 53.8992 810.9567 1 001592.jpg

53 0.53842804 0.82389190 -0.15199891 0.09052092 7.9712 53.2988 812.7800 1 001595.jpg

54 0.53561717 0.82837384 -0.14432850 0.07797594 24.5324 42.8731 810.0078 1 001614.jpg

55 0.53551214 0.82860120 -0.14354030 0.07773680 24.7063 42.5406 809.9246 1 001615.jpg

56 0.53568624 0.82860444 -0.14297796 0.07753606 24.9603 43.2104 809.9879 1 001618.jpg

57 0.53599977 0.82901295 -0.13863896 0.07887224 24.0934 48.1862 811.6945 1 001631.jpg

58 0.54064845 0.82670679 -0.13647732 0.07502518 27.2608 55.3006 815.3300 1 001641.jpg

59 0.54263362 0.82577586 -0.13549971 0.07268532 28.7316 57.5411 816.7655 1 001644.jpg

60 0.53474199 0.83136308 -0.13028620 0.07688988 21.8159 48.8298 822.5514 1 001655.jpg

61 0.53577934 0.83167681 -0.12541534 0.07433004 25.6109 53.5495 822.3499 1 001671.jpg

62 0.53641099 0.83095893 -0.12774459 0.07383984 19.1181 52.4449 826.0609 1 001677.jpg

63 0.53493130 0.83141423 -0.12915686 0.07692296 9.1427 51.0714 830.5108 1 001682.jpg

64 0.53222669 0.83296837 -0.12852592 0.07987292 3.7022 50.6551 833.9954 1 001688.jpg

65 0.52916798 0.84242201 -0.09888382 0.02298467 18.5312 54.3754 793.9110 1 001881.jpg

66 0.54003750 0.83794644 -0.07865134 -0.00439969 10.1081 41.0863 763.9892 1 002061.jpg

67 0.54012383 0.83794859 -0.07802655 -0.00454942 9.8362 40.5764 763.9937 1 002064.jpg

68 0.54226285 0.83747070 -0.06769959 -0.00330605 7.7476 43.0094 766.9337 1 002089.jpg

69 0.54595673 0.83530750 -0.06459999 -0.00437443 10.8583 47.8504 768.3049 1 002097.jpg

70 0.54567275 0.83609636 -0.05500751 -0.01257787 20.8119 43.9853 763.9416 1 002119.jpg

71 0.54654895 0.83556515 -0.05441919 -0.01240090 20.1632 44.3565 764.7753 1 002123.jpg

72 0.54661893 0.83569829 -0.05073841 -0.01555092 17.6725 45.5573 769.7953 1 002146.jpg

73 0.54485778 0.83681057 -0.05157493 -0.01476271 12.1311 42.6306 771.7829 1 002151.jpg

74 0.54203528 0.83879549 -0.04704542 -0.02016838 13.4025 36.5092 772.2254 1 002173.jpg

75 0.53791077 0.84173300 -0.03813212 -0.02614067 18.0001 28.3220 765.4204 1 002196.jpg

