1 0.37962437 0.92077400 -0.06292432 0.06404061 41.1435 70.8349 862.3898 1 000001.jpg

2 0.38754070 0.91645472 -0.07052045 0.07035582 18.7519 91.8889 859.3960 1 000014.jpg

3 0.39240760 0.91370619 -0.05731112 0.08872792 -7.2940 103.0128 848.5541 1 000033.jpg

4 0.39726470 0.91130675 -0.05790523 0.09136633 -14.4488 103.9118 852.8242 1 000043.jpg

5 0.40541165 0.90685418 -0.05102055 0.10321808 -30.6651 111.2519 851.7556 1 000052.jpg

6 0.41435608 0.90229277 -0.04031507 0.11203293 -40.4185 119.7985 851.1406 1 000061.jpg

7 0.42199141 0.90006097 -0.03021429 0.10440682 -28.0861 125.1060 853.4258 1 000075.jpg

8 0.42554198 0.89862520 -0.02758728 0.10308135 -31.4478 122.5131 855.0065 1 000084.jpg

9 0.42715032 0.89866081 -0.02466178 0.09666022 -23.6500 114.7419 855.6102 1 000093.jpg

10 0.42458798 0.90136854 -0.02028047 0.08275500 -2.8325 97.9133 860.4872 1 000103.jpg

11 0.43316596 0.89701993 -0.01728496 0.08616113 -13.2756 108.0567 864.6751 1 000111.jpg

12 0.43483645 0.89649108 -0.01832302 0.08297740 -14.7545 103.9810 870.9554 1 000118.jpg

13 0.43529065 0.89668305 -0.01931597 0.07815638 -5.3160 99.9166 875.7328 1 000123.jpg

14 0.43505918 0.89654699 -0.01940397 0.08093497 -5.7032 100.2544 878.8370 1 000126.jpg

15 0.44079737 0.89353358 -0.02864011 0.08046928 -4.3247 110.5454 887.0734 1 000131.jpg

16 0.44387841 0.89131560 -0.03464570 0.08560436 -7.2068 112.5343 892.9213 1 000135.jpg

17 0.44041377 0.89236652 -0.04268682 0.08885671 -8.5291 106.2862 898.1454 1 000138.jpg

18 0.44190921 0.89164413 -0.04412822 0.08797568 -6.2509 103.8837 899.8233 1 000139.jpg

19 0.44178846 0.89125347 -0.04937359 0.08973429 -5.2501 102.4402 903.8337 1 000142.jpg

20 0.44228349 0.88995295 -0.05880036 0.09440106 -13.1145 103.0510 906.7084 1 000145.jpg

21 0.44283469 0.88920709 -0.06203757 0.09674321 -16.5429 102.8178 908.7042 1 000147.jpg

22 0.44447473 0.88703974 -0.07379373 0.10078297 -26.4312 100.4967 913.5441 1 000152.jpg

23 0.44605039 0.88605460 -0.07518501 0.10145594 -27.8241 100.0167 914.3929 1 000153.jpg

24 0.44694494 0.88520803 -0.07823299 0.10260018 -28.7607 99.7817 916.4108 1 000155.jpg

25 0.44831978 0.88416967 -0.08037366 0.10389239 -27.5114 100.3818 919.3726 1 000158.jpg

26 0.44950920 0.88305478 -0.08516810 0.10441368 -25.8654 98.5756 922.2174 1 000162.jpg

27 0.44869042 0.88308493 -0.08830105 0.10507511 -25.6769 97.6953 923.5755 1 000164.jpg

28 0.44935285 0.88253697 -0.09048845 0.10498795 -25.1415 97.4291 923.9793 1 000165.jpg

29 0.45024616 0.88205527 -0.09138931 0.10442628 -23.8921 96.3179 924.8227 1 000167.jpg

30 0.44963782 0.88224841 -0.09186015 0.10500132 -24.3333 96.7442 925.3139 1 000168.jpg

31 0.45001144 0.88131649 -0.09585090 0.10762706 -25.2071 94.7462 925.6034 1 000171.jpg

32 0.45141825 0.87931038 -0.10488225 0.10970171 -29.8174 93.9357 926.1399 1 000176.jpg

33 0.45072507 0.87873802 -0.10890601 0.11316342 -34.6365 91.7862 926.7871 1 000179.jpg

34 0.45956786 0.86248797 -0.15702219 0.14232343 -30.0088 94.2859 926.4508 1 000247.jpg

35 0.46184704 0.85644264 -0.17678358 0.14815875 33.2102 75.3236 880.1660 1 000316.jpg

36 0.44390705 0.82133580 -0.28153680 0.22156498 -69.1745 57.1088 871.2037 1 000434.jpg

37 0.45294997 0.78318197 -0.33220696 0.26664748 -112.4254 82.7685 930.2751 1 000479.jpg

38 0.46137526 0.78526588 -0.32305555 0.25714857 -38.0804 76.3378 949.7432 1 000513.jpg

39 0.46026487 0.78387961 -0.32615499 0.25944545 -37.0814 73.4624 939.3487 1 000519.jpg

40 0.46255954 0.77946344 -0.33013672 0.26360088 -40.4262 75.8888 932.5366 1 000523.jpg

41 0.46145859 0.77739099 -0.33643270 0.26368929 -40.5904 71.0165 922.2563 1 000526.jpg

42 0.45775706 0.77806009 -0.33840574 0.26563630 -42.6107 62.9380 913.4879 1 000533.jpg

43 0.45827350 0.77617459 -0.34101058 0.26692770 -41.6146 64.4165 912.2517 1 000534.jpg

44 0.45845895 0.77732586 -0.33926666 0.26547682 -34.7898 61.5666 907.8739 1 000538.jpg

45 0.45803218 0.77776523 -0.33752184 0.26714552 -33.5674 59.3887 906.3426 1 000539.jpg

46 0.45953530 0.77595345 -0.33767941 0.26962249 -34.6071 65.0536 903.4300 1 000542.jpg

47 0.46033225 0.77521562 -0.33844036 0.26943085 -32.5641 65.5728 899.2673 1 000545.jpg

48 0.45734818 0.77454664 -0.34282861 0.27088491 -30.6907 62.1571 893.3227 1 000547.jpg

49 0.45829031 0.77355607 -0.34253173 0.27249414 -28.3989 60.8115 889.3849 1 000550.jpg

50 0.45724154 0.77505097 -0.34117982 0.27170278 -23.2223 58.2930 885.1822 1 000551.jpg

51 0.45738696 0.77490403 -0.34112482 0.27194594 -22.1684 57.7903 884.1644 1 000552.jpg

52 0.45817374 0.77297752 -0.34107363 0.27613675 -20.3031 59.6872 877.8128 1 000555.jpg

53 0.45782119 0.77434053 -0.33875665 0.27575400 -18.4233 58.5511 876.4135 1 000556.jpg

54 0.45493717 0.77564667 -0.33966110 0.27574411 -15.1352 49.2716 869.8114 1 000567.jpg

55 0.45362517 0.77619811 -0.34059733 0.27519875 -10.8678 45.2886 868.0118 1 000569.jpg

56 0.45306644 0.77429758 -0.34500043 0.27598691 -13.2979 43.8663 863.2423 1 000576.jpg

57 0.45441798 0.77149951 -0.34678797 0.27934042 -15.5379 48.7599 860.8820 1 000579.jpg

58 0.45225844 0.76990990 -0.34692696 0.28695436 -21.0990 47.8555 857.6442 1 000583.jpg

59 0.44887613 0.76979088 -0.34888339 0.29019407 -24.8694 45.9360 855.9130 1 000587.jpg

60 0.44603967 0.76818504 -0.34863378 0.29899014 -32.7135 46.5233 852.3712 1 000591.jpg

61 0.44604627 0.76602366 -0.35097904 0.30176875 -37.1056 48.4872 851.6086 1 000592.jpg

62 0.44375197 0.76190534 -0.35340381 0.31255457 -48.3787 52.0221 848.7471 1 000602.jpg

63 0.44647391 0.76017432 -0.35530633 0.31073070 -44.1009 53.3362 849.3745 1 000604.jpg

64 0.44664255 0.76021083 -0.35675071 0.30873738 -35.2703 49.7584 848.0984 1 000610.jpg

65 0.44833956 0.75954987 -0.35527325 0.30960706 -30.6336 53.0736 845.8551 1 000616.jpg

66 0.44883625 0.76016643 -0.35137174 0.31181889 -25.2010 52.8656 842.6959 1 000628.jpg

67 0.45590082 0.76014834 -0.34743548 0.30596988 -7.4340 58.9166 840.8855 1 000638.jpg

68 0.46008583 0.75965173 -0.34320069 0.30571773 4.5090 66.3609 837.6761 1 000647.jpg

69 0.46051658 0.75705581 -0.34263062 0.31208201 -1.4568 72.9520 833.9826 1 000655.jpg

70 0.45556128 0.76077526 -0.34109153 0.31199621 -1.9800 57.1890 831.4337 1 000665.jpg

71 0.45640575 0.75518988 -0.34084441 0.32435651 -10.2382 65.4936 828.3557 1 000677.jpg

72 0.45729669 0.74836973 -0.34570245 0.33363489 -20.4839 76.4301 824.5460 1 000686.jpg

73 0.45899887 0.74408299 -0.34929975 0.33712066 -24.5147 82.6941 822.9016 1 000687.jpg

74 0.45802353 0.74062626 -0.35156902 0.34363689 -31.0586 85.6480 819.8486 1 000692.jpg

75 0.45043599 0.73667903 -0.35456181 0.35874443 -39.2836 70.7839 811.4694 1 000716.jpg

