1 0.56169965 0.75631523 0.25560195 -0.21713695 22.2781 67.2710 833.5840 1 000001.jpg

2 0.56672877 0.75426072 0.25724400 -0.20912782 5.5082 64.6834 825.7533 1 000036.jpg

3 0.56524486 0.75125407 0.26382204 -0.21566937 27.6696 63.0719 832.8280 1 000047.jpg

4 0.56608612 0.74383690 0.27382843 -0.22643065 47.3738 70.2319 839.8301 1 000083.jpg

5 0.55849440 0.74469278 0.27996861 -0.23480719 57.3052 60.0326 845.0844 1 000112.jpg

6 0.45153317 0.63786066 0.49708975 -0.37703211 84.5554 78.0920 966.8558 1 001024.jpg

7 0.45002113 0.63373747 0.50071602 -0.38097416 95.2989 83.3695 964.1654 1 001027.jpg

8 0.44725933 0.62639554 0.51597350 -0.37597719 100.8500 67.4965 969.0728 1 001059.jpg

9 0.46052734 0.62770975 0.50203179 -0.37664164 82.1441 95.5960 986.2302 1 001074.jpg

10 0.45489993 0.62625971 0.50788713 -0.37804140 80.9565 91.3643 987.2157 1 001075.jpg

11 0.45408841 0.62124906 0.51408528 -0.37890607 88.0423 89.9086 991.4452 1 001083.jpg

12 0.45527175 0.61993139 0.51430167 -0.37934994 86.9758 95.0274 996.7542 1 001087.jpg

13 0.45552728 0.62039753 0.51266403 -0.38049657 81.9000 94.6220 1001.0606 1 001090.jpg

14 0.45866976 0.62454411 0.50626648 -0.37849818 72.5778 93.9894 1006.2489 1 001094.jpg

15 0.45444840 0.62329794 0.50671393 -0.38499020 75.5964 90.8983 1006.7116 1 001097.jpg

16 0.44890069 0.61920822 0.51606307 -0.38567886 85.7688 86.0472 1007.4428 1 001103.jpg

17 0.44780258 0.61875425 0.51643605 -0.38718207 84.6265 84.6585 1008.1058 1 001104.jpg

18 0.44706777 0.61824631 0.51821498 -0.38646547 82.4665 81.7336 1010.6124 1 001107.jpg

19 0.44760314 0.60912944 0.52665694 -0.38890316 93.1961 88.0996 1013.9706 1 001113.jpg

20 0.44568664 0.60758777 0.52955682 -0.38957714 98.0181 84.9322 1020.9478 1 001119.jpg

21 0.44448979 0.60618658 0.53026908 -0.39214943 98.2214 84.8919 1021.9379 1 001120.jpg

22 0.44353012 0.60606763 0.53136933 -0.39193118 98.7209 84.6562 1024.6642 1 001122.jpg

23 0.44129585 0.60610302 0.53069856 -0.39529270 98.0035 82.0139 1028.0021 1 001124.jpg

24 0.44150165 0.60589411 0.52947866 -0.39701591 98.0337 83.1880 1031.0853 1 001126.jpg

25 0.43655447 0.60749922 0.52817311 -0.40174414 97.8885 82.8134 1034.0082 1 001128.jpg

26 0.43925064 0.60601221 0.52687717 -0.40275121 96.1883 88.8959 1039.1718 1 001132.jpg

27 0.44087490 0.60939849 0.52210131 -0.40208641 95.2835 88.9420 1040.1368 1 001133.jpg

28 0.43866463 0.60505448 0.52487381 -0.40741860 89.4073 91.6794 1044.6072 1 001137.jpg

29 0.42650359 0.54565711 0.58932294 -0.41599505 80.2042 100.3083 996.9403 1 001540.jpg

30 0.42716890 0.54306737 0.59143537 -0.41570294 80.5676 101.6071 997.4931 1 001542.jpg

31 0.43190436 0.54460683 0.59003254 -0.41075908 78.6579 104.3652 997.7379 1 001543.jpg

32 0.43914607 0.53513953 0.59139109 -0.41356148 68.6906 122.6350 1001.8482 1 001568.jpg

33 0.43858898 0.53436512 0.59104625 -0.41564192 67.8587 122.9305 1001.7983 1 001569.jpg

34 0.44317031 0.53788706 0.58713906 -0.41175939 69.9116 125.8014 1002.1481 1 001571.jpg

35 0.43857362 0.53501925 0.59037643 -0.41576804 71.0892 123.9911 1002.4288 1 001572.jpg

36 0.44266711 0.53583393 0.58632625 -0.41611223 77.2636 133.7157 1002.8206 1 001576.jpg

37 0.43967189 0.52866993 0.59174587 -0.42075380 76.7515 134.8506 1003.2239 1 001577.jpg

38 0.43770785 0.53059316 0.59094759 -0.42150223 76.9735 134.3188 1003.5048 1 001579.jpg

39 0.43791063 0.52917641 0.59120077 -0.42271520 76.5209 134.1692 1003.5982 1 001580.jpg

40 0.43709518 0.52944991 0.58906706 -0.42618157 78.3195 135.9182 1002.9334 1 001583.jpg

41 0.44161150 0.53244065 0.58586671 -0.42219288 79.9831 135.6553 1002.0153 1 001586.jpg

42 0.43884223 0.52801012 0.59092997 -0.42358547 79.4786 134.8491 1002.8010 1 001587.jpg

43 0.43903628 0.52177864 0.59476851 -0.42572807 77.0194 136.9510 1002.8787 1 001588.jpg

44 0.44142485 0.52470306 0.59264091 -0.42262021 76.4220 137.7586 1002.9438 1 001589.jpg

45 0.44837123 0.52449432 0.58614934 -0.42461478 70.6515 154.0097 1004.8850 1 001597.jpg

46 0.43558081 0.52066640 0.59357969 -0.43224891 83.9709 139.5824 1005.3031 1 001605.jpg

47 0.43646044 0.52517367 0.59043420 -0.43021186 86.5894 136.5816 1004.7491 1 001608.jpg

48 0.43281371 0.52381411 0.59160920 -0.43392373 86.2249 134.6770 1005.0722 1 001609.jpg

49 0.43146691 0.52058532 0.59242643 -0.43801561 83.5952 134.6356 1004.5533 1 001611.jpg

50 0.43143485 0.52551650 0.58799962 -0.43812426 78.9124 129.6441 1003.5513 1 001619.jpg

51 0.43014646 0.52951035 0.58493002 -0.43869120 81.1606 128.5514 1003.2225 1 001622.jpg

52 0.43003964 0.52978270 0.58496154 -0.43842477 82.4397 128.6680 1003.6974 1 001624.jpg

53 0.42799343 0.52648736 0.58757251 -0.44089831 81.9195 127.8553 1003.6886 1 001626.jpg

54 0.42827379 0.52455238 0.59102058 -0.43831596 86.2194 126.4431 1002.7034 1 001631.jpg

55 0.42917501 0.51891266 0.59111200 -0.44398815 90.1807 130.7878 999.3156 1 001639.jpg

56 0.43129187 0.52552353 0.58848745 -0.43760122 90.0676 132.1836 999.1932 1 001641.jpg

57 0.42853165 0.51591384 0.59448299 -0.44360310 88.1442 132.9898 999.4107 1 001643.jpg

58 0.43230582 0.51814562 0.59266447 -0.43975641 86.1188 134.1339 999.6072 1 001644.jpg

59 0.42958395 0.51618623 0.59377649 -0.44321445 85.2291 132.8432 999.9427 1 001645.jpg

60 0.42869383 0.51396237 0.59543854 -0.44442874 82.6548 133.1264 1000.5875 1 001648.jpg

61 0.43039747 0.51957023 0.59135797 -0.44170200 82.2715 131.0468 1000.7890 1 001649.jpg

62 0.40771368 0.51986606 0.59045112 -0.46354726 73.3889 107.3731 980.4924 1 001724.jpg

63 0.38363695 0.51938712 0.58938216 -0.48547746 43.1543 81.2931 922.4578 1 001874.jpg

64 0.36269294 0.49212504 0.60619604 -0.50871703 60.8350 82.6183 835.5199 1 002040.jpg

65 0.36329859 0.49215390 0.60424188 -0.51057905 60.3237 88.7763 832.9504 1 002050.jpg

66 0.36343133 0.48717159 0.60669178 -0.51235407 59.6954 89.0855 832.6665 1 002051.jpg

67 0.36166384 0.49183378 0.60777240 -0.50784965 57.6027 83.5388 828.1334 1 002066.jpg

68 0.36088433 0.49266034 0.60936506 -0.50569030 55.5360 81.2359 827.3068 1 002069.jpg

69 0.35893822 0.49099851 0.60946875 -0.50855848 55.9121 80.8163 826.6447 1 002070.jpg

70 0.35818246 0.48810752 0.61057450 -0.51054417 59.3946 80.2337 817.3566 1 002083.jpg

71 0.35751491 0.49076418 0.61144743 -0.50741034 52.9692 77.4409 815.9961 1 002090.jpg

72 0.35677801 0.48688382 0.61351238 -0.50917229 54.1617 74.8738 807.8621 1 002104.jpg

73 0.34929680 0.48509090 0.61530581 -0.51388431 61.1514 75.7431 794.3943 1 002133.jpg

74 0.34770819 0.48434610 0.61555776 -0.51536066 58.9096 78.7920 788.9226 1 002144.jpg

75 0.34404999 0.48091562 0.61799303 -0.51810576 62.9656 74.8816 781.5915 1 002160.jpg

