1 0.38856160 0.67032679 0.53656852 -0.33432977 4.5358 78.4186 993.5671 1 000001.jpg

2 0.38775305 0.66847120 0.53467150 -0.34193537 12.5529 94.7993 1000.2873 1 000035.jpg

3 0.38639335 0.67049161 0.53305179 -0.34204809 3.1863 97.7659 1002.6087 1 000056.jpg

4 0.38060836 0.67355456 0.53555090 -0.33859521 -4.9834 85.2927 1001.7423 1 000083.jpg

5 0.37261733 0.67468011 0.53937376 -0.33917389 -2.7467 75.3436 1003.7124 1 000100.jpg

6 0.36444782 0.67209691 0.54790983 -0.33949691 5.3877 64.6500 1009.9954 1 000116.jpg

7 0.35167481 0.67028017 0.55790551 -0.34028043 17.5506 41.9721 1009.2193 1 000138.jpg

8 0.35024510 0.66496861 0.56365706 -0.34268888 19.6601 46.7141 1003.6553 1 000169.jpg

9 0.35854666 0.62535760 0.59417684 -0.35682744 41.0320 74.7166 1020.5368 1 000240.jpg

10 0.34522368 0.58532596 0.63482704 -0.36770732 24.3278 65.0850 1038.5537 1 000407.jpg

11 0.33220274 0.56521271 0.64652651 -0.39010195 32.0869 78.6754 1049.1034 1 000515.jpg

12 0.33154110 0.56126320 0.64935578 -0.39166434 36.6335 77.3920 1047.9705 1 000520.jpg

13 0.33237693 0.55527260 0.65287212 -0.39364447 38.8887 80.0018 1045.7392 1 000532.jpg

14 0.33044705 0.54759797 0.65871363 -0.39627956 47.3713 78.8923 1043.7576 1 000546.jpg

15 0.33192808 0.54695902 0.65858088 -0.39614497 42.4016 80.9728 1042.3106 1 000553.jpg

16 0.33203990 0.54103081 0.66071098 -0.40061957 45.3323 86.4246 1036.6937 1 000571.jpg

17 0.33656764 0.53554975 0.65989107 -0.40552716 45.6480 105.2498 1034.5812 1 000582.jpg

18 0.33507233 0.52688181 0.66797287 -0.40488770 48.7095 97.9692 1030.2570 1 000601.jpg

19 0.33583891 0.52557252 0.66929440 -0.40377074 46.6942 94.7380 1026.1351 1 000611.jpg

20 0.33687813 0.52154754 0.67342854 -0.40124190 43.4050 88.6191 1022.6499 1 000618.jpg

21 0.34015135 0.51338565 0.67613645 -0.40443981 47.0192 99.3300 1012.3001 1 000636.jpg

22 0.33929155 0.51331332 0.67607100 -0.40536238 47.9835 99.3933 1011.8385 1 000637.jpg

23 0.34306809 0.51250657 0.67717132 -0.40134821 32.9820 93.1920 1009.0760 1 000649.jpg

24 0.34148528 0.51277866 0.67697581 -0.40267835 35.1855 92.9849 1007.5420 1 000654.jpg

25 0.34327675 0.50455849 0.67915020 -0.40784387 38.1307 103.4709 1001.4766 1 000669.jpg

26 0.34155992 0.50336570 0.67951343 -0.41014789 42.2720 103.9799 999.5954 1 000672.jpg

27 0.34033010 0.50137923 0.68144626 -0.41039663 44.8283 101.1147 997.9335 1 000675.jpg

28 0.33921786 0.50010752 0.68188287 -0.41213970 45.5873 100.1985 994.7826 1 000681.jpg

29 0.34021213 0.50010683 0.68155337 -0.41186686 43.4002 100.5044 992.3125 1 000685.jpg

30 0.33977195 0.49922479 0.68100184 -0.41420556 39.7767 101.0933 988.2879 1 000694.jpg

31 0.33896082 0.49989577 0.68138554 -0.41342931 38.9210 96.4298 987.1310 1 000698.jpg

32 0.33910543 0.48560929 0.68529373 -0.42374932 31.1420 96.2858 960.3187 1 000780.jpg

33 0.33079887 0.44541960 0.69826070 -0.45233356 41.2348 83.4523 900.2418 1 000946.jpg

34 0.32067438 0.42673669 0.70202600 -0.47140562 52.2336 83.8124 876.5250 1 001038.jpg

35 0.31890117 0.42775060 0.70108844 -0.47308190 51.2679 82.9963 874.8831 1 001045.jpg

36 0.31656225 0.42625692 0.70319503 -0.47287450 51.0779 76.4294 873.3973 1 001057.jpg

37 0.31559711 0.42490239 0.70302205 -0.47499115 51.8269 77.0391 871.4287 1 001063.jpg

38 0.31417371 0.42388465 0.69842645 -0.48354627 54.2975 87.2965 866.5286 1 001076.jpg

39 0.31336775 0.42481346 0.69838242 -0.48331758 53.5060 83.9307 866.0518 1 001080.jpg

40 0.31351325 0.42913635 0.69569030 -0.48328688 41.9298 78.5920 865.6547 1 001091.jpg

41 0.31349692 0.42907128 0.69588379 -0.48307707 41.7607 77.2038 865.4055 1 001092.jpg

42 0.31625437 0.42612708 0.69691535 -0.48239790 32.7899 74.8861 862.3610 1 001110.jpg

43 0.31600377 0.42597903 0.69683947 -0.48280273 32.9975 73.9514 862.2303 1 001111.jpg

44 0.31924323 0.42096212 0.70021265 -0.48018413 25.1851 67.8404 862.1817 1 001149.jpg

45 0.31928944 0.42040319 0.70028905 -0.48053193 25.0205 68.0046 862.0579 1 001150.jpg

46 0.32144531 0.41585873 0.70227754 -0.48014635 23.3954 67.9301 861.6901 1 001160.jpg

47 0.31165773 0.41047441 0.70292994 -0.49017296 43.5786 71.9345 857.7063 1 001182.jpg

48 0.31510054 0.40154655 0.70105260 -0.49799330 42.4860 84.8744 854.1475 1 001220.jpg

49 0.27413575 0.39099737 0.71822733 -0.50608315 28.7824 70.4789 849.9310 1 001528.jpg

50 0.27060452 0.39255951 0.71732245 -0.50805394 29.6884 70.7767 844.7924 1 001536.jpg

51 0.26977216 0.39286548 0.71554455 -0.51075995 32.4956 81.6859 841.1223 1 001545.jpg

52 0.26701760 0.38828374 0.72262490 -0.50571776 37.4388 78.6594 836.4562 1 001566.jpg

53 0.26703632 0.38603512 0.72393802 -0.50555157 38.8965 80.8952 834.8085 1 001571.jpg

54 0.26598197 0.38418040 0.72855096 -0.50087162 40.5972 74.9270 831.4361 1 001584.jpg

55 0.26546345 0.38557388 0.73037559 -0.49740675 39.4603 68.8814 829.6056 1 001588.jpg

56 0.26167794 0.38123547 0.73872390 -0.49037875 48.2095 56.0628 820.9280 1 001603.jpg

57 0.26546430 0.38150533 0.74158597 -0.48376927 42.6657 52.3403 817.5011 1 001611.jpg

58 0.26598288 0.38256849 0.74288071 -0.48064816 40.8480 50.1741 815.6182 1 001617.jpg

59 0.26474692 0.37877318 0.74402839 -0.48255753 51.5901 59.9663 812.8711 1 001628.jpg

60 0.26512493 0.37864527 0.74382878 -0.48275794 52.2495 61.5835 812.8707 1 001629.jpg

61 0.26048901 0.37927698 0.74558836 -0.48207097 60.9873 61.4633 808.1339 1 001645.jpg

62 0.25921936 0.37914910 0.74704384 -0.48060064 62.8556 59.9332 805.8242 1 001650.jpg

63 0.24518750 0.37780500 0.74909345 -0.48580387 88.4720 59.9022 795.8909 1 001673.jpg

64 0.24428712 0.37717348 0.74924078 -0.48652050 90.8282 60.6892 795.1623 1 001674.jpg

65 0.24409973 0.37736834 0.75131501 -0.48325402 90.7539 57.5451 788.4651 1 001687.jpg

66 0.24510548 0.37549544 0.75223417 -0.48277353 91.6167 60.4371 786.9747 1 001693.jpg

67 0.24621143 0.37545160 0.75207097 -0.48249901 91.9315 62.6865 785.3885 1 001698.jpg

68 0.24561129 0.37621309 0.75177939 -0.48266620 92.1664 63.1151 784.7878 1 001699.jpg

69 0.24647507 0.37536556 0.75193633 -0.48264093 91.9404 64.2970 784.3437 1 001700.jpg

70 0.24360800 0.37618434 0.75353948 -0.48095622 95.0064 60.6385 779.1019 1 001708.jpg

71 0.24259331 0.37626305 0.75385891 -0.48090664 95.1809 60.0904 778.5241 1 001709.jpg

72 0.24328646 0.37733708 0.75351460 -0.48025413 93.7997 61.9070 776.7172 1 001715.jpg

73 0.24419005 0.37719088 0.75346732 -0.47998465 92.3393 63.1705 776.6070 1 001717.jpg

74 0.24610153 0.37666779 0.75233071 -0.48120061 92.6684 72.9204 773.7696 1 001729.jpg

75 0.28733359 0.44049760 0.71731548 -0.45701195 29.0745 61.9228 700.2590 1 001927.jpg

