1 0.50487721 0.82086345 -0.24406251 0.10824018 52.2526 46.4738 944.9590 1 000620.jpg

2 0.50365191 0.82156493 -0.24369321 0.10945208 52.2414 43.4871 943.5923 1 000623.jpg

3 0.50146311 0.82221302 -0.24562006 0.11032267 54.5475 38.4105 940.1164 1 000629.jpg

4 0.49998952 0.82349727 -0.24425066 0.11047253 58.9239 34.8323 938.2292 1 000633.jpg

5 0.50053971 0.82305108 -0.24582410 0.10778715 68.5153 36.0252 937.5960 1 000640.jpg

6 0.50024569 0.82351534 -0.24487567 0.10776005 69.8223 34.9930 937.4929 1 000642.jpg

7 0.49992992 0.82356694 -0.24504201 0.10845342 69.9234 34.2026 936.8973 1 000644.jpg

8 0.49847813 0.82436415 -0.24471285 0.10981439 74.7679 29.9823 934.0570 1 000651.jpg

9 0.49875100 0.82416928 -0.24488962 0.10964198 76.8445 30.0510 933.4421 1 000653.jpg

10 0.49895783 0.82381612 -0.24532720 0.11037536 83.4887 32.1417 932.7695 1 000660.jpg

11 0.49949141 0.82323037 -0.24584674 0.11117322 83.1638 33.7985 932.4543 1 000662.jpg

12 0.49946349 0.82235090 -0.24805409 0.11289113 88.6292 32.9623 930.8838 1 000671.jpg

13 0.49897751 0.82138572 -0.25292015 0.11125839 95.6845 32.3144 927.6918 1 000681.jpg

14 0.49976754 0.82078210 -0.25337998 0.11112008 96.5957 33.0308 927.6269 1 000682.jpg

15 0.50260049 0.81650786 -0.26101402 0.11215568 98.1049 44.1516 926.7755 1 000701.jpg

16 0.50569136 0.81466095 -0.26057179 0.11271994 109.2833 51.8613 926.5587 1 000712.jpg

17 0.50530906 0.81570524 -0.25793180 0.11295909 119.7294 50.2306 924.3390 1 000721.jpg

18 0.50479897 0.81587627 -0.25818312 0.11342783 120.4310 50.4548 924.4405 1 000722.jpg

19 0.50551632 0.81481741 -0.26075602 0.11194792 128.8573 50.8418 921.9416 1 000735.jpg

20 0.50506237 0.81499241 -0.26077403 0.11267816 129.5864 50.0886 921.2869 1 000737.jpg

21 0.50609164 0.81393658 -0.26211755 0.11257398 135.3763 52.9632 920.0458 1 000751.jpg

22 0.50623932 0.81293962 -0.26516663 0.11197471 136.4486 52.7125 917.9811 1 000757.jpg

23 0.50637042 0.81131122 -0.26968849 0.11238709 138.8853 52.7340 915.2497 1 000769.jpg

24 0.49209862 0.79750580 -0.32277696 0.13280969 143.2288 34.4001 883.4765 1 000923.jpg

25 0.47977262 0.78212675 -0.36571534 0.15603897 113.9187 40.3975 854.7439 1 001026.jpg

26 0.47730726 0.77754212 -0.37814993 0.15687189 103.4209 42.4792 851.0463 1 001044.jpg

27 0.47576362 0.77685375 -0.38066882 0.15886549 100.0841 40.6175 847.1830 1 001052.jpg

28 0.47504526 0.77664599 -0.38102559 0.16115998 99.5495 39.9284 844.3652 1 001058.jpg

29 0.47340253 0.77597229 -0.38397215 0.16224162 98.6134 38.2872 840.2522 1 001066.jpg

30 0.47328436 0.77438540 -0.38738366 0.16205852 98.9102 39.7122 838.3664 1 001077.jpg

31 0.47683213 0.77024120 -0.38903074 0.16737647 99.2095 52.2473 837.1958 1 001094.jpg

32 0.47624261 0.76944396 -0.39044722 0.16941065 97.9101 52.5028 835.7626 1 001098.jpg

33 0.47648115 0.76808496 -0.39175452 0.17187064 98.2674 54.1688 833.6230 1 001105.jpg

34 0.47941417 0.76626334 -0.38992502 0.17595779 99.7397 59.8172 832.6441 1 001113.jpg

35 0.47887404 0.76494281 -0.39131749 0.18003611 96.8663 58.3039 828.3605 1 001125.jpg

36 0.47766103 0.76436264 -0.39334765 0.18129310 94.2337 57.6450 826.2606 1 001130.jpg

37 0.47542789 0.76383981 -0.39616520 0.18322189 93.2342 53.8224 821.5474 1 001145.jpg

38 0.47452958 0.76363522 -0.39740702 0.18371376 93.4163 51.4928 821.0193 1 001150.jpg

39 0.47198166 0.76212548 -0.40141749 0.18778246 92.7354 47.6590 822.8755 1 001169.jpg

40 0.47145553 0.75923810 -0.40534484 0.19230907 93.0099 49.1732 826.4821 1 001189.jpg

41 0.47243732 0.75794393 -0.40594790 0.19372673 93.8372 52.4197 827.1124 1 001192.jpg

42 0.47291245 0.75288777 -0.41181470 0.19980614 88.0626 60.0182 825.7473 1 001209.jpg

43 0.47249098 0.75205668 -0.41371682 0.20000274 88.0639 59.3972 825.3412 1 001216.jpg

44 0.47201491 0.74658288 -0.42132998 0.20566253 79.4652 63.9882 820.9974 1 001242.jpg

45 0.47166907 0.74593666 -0.42192758 0.20756692 77.5033 64.4438 819.8879 1 001246.jpg

46 0.46712659 0.74588454 -0.42718743 0.20726703 75.4283 55.8210 815.5341 1 001263.jpg

47 0.46644412 0.74592912 -0.42776585 0.20745172 75.4202 53.9148 815.0694 1 001266.jpg

48 0.46280978 0.74401193 -0.43521984 0.20697124 74.8118 49.8290 814.2888 1 001280.jpg

49 0.46209997 0.74394724 -0.43568714 0.20780425 75.7943 48.8056 814.4747 1 001284.jpg

50 0.45336507 0.73620581 -0.45394269 0.21540006 61.1058 39.8428 811.2792 1 001324.jpg

51 0.47708803 0.70885189 -0.45906487 0.24326041 75.5378 78.2723 893.6397 1 001480.jpg

52 0.46147438 0.70975718 -0.47104737 0.24779126 71.7776 27.3571 889.1491 1 001542.jpg

53 0.45913645 0.70800194 -0.47430873 0.25091467 70.2850 23.9227 884.3269 1 001564.jpg

54 0.45933996 0.70342182 -0.48057793 0.25149472 73.1982 27.9173 882.7509 1 001592.jpg

55 0.46051429 0.70302596 -0.47999010 0.25157620 73.5725 28.5083 882.4662 1 001593.jpg

56 0.45861074 0.69849105 -0.48554487 0.25696829 68.9223 33.4239 879.4026 1 001613.jpg

57 0.45591425 0.69719635 -0.48824230 0.26015143 65.1671 33.7121 871.0199 1 001629.jpg

58 0.45046814 0.69735231 -0.49271329 0.26079052 63.9998 24.0033 864.8272 1 001656.jpg

59 0.44994795 0.69752401 -0.49289486 0.26088643 64.8953 22.3006 863.9444 1 001658.jpg

60 0.44828498 0.69558878 -0.49640213 0.26226225 60.5975 26.0672 856.9394 1 001669.jpg

61 0.44667795 0.69314872 -0.50076086 0.26317682 52.2495 30.5123 849.1492 1 001678.jpg

62 0.44359062 0.69393317 -0.50012236 0.26751038 46.2339 27.0529 839.5668 1 001695.jpg

63 0.44228889 0.69453870 -0.49984940 0.26860217 40.3829 26.9183 830.4723 1 001708.jpg

64 0.44176872 0.69409113 -0.49973445 0.27082020 39.0399 27.3735 827.9145 1 001711.jpg

65 0.44225848 0.69380581 -0.49965278 0.27090257 40.2996 27.2043 826.7215 1 001713.jpg

66 0.44176346 0.69432179 -0.49938768 0.27087685 40.8632 26.4216 826.2212 1 001714.jpg

67 0.44063927 0.69531252 -0.49913059 0.27064014 44.1652 20.3079 823.6534 1 001718.jpg

68 0.43990664 0.69574762 -0.49880480 0.27131397 44.1106 19.6017 822.5299 1 001719.jpg

69 0.44257978 0.69229383 -0.50009510 0.27341790 43.0420 31.8389 815.4477 1 001733.jpg

70 0.44632703 0.69222449 -0.49646358 0.27411895 51.1554 31.4980 817.5432 1 001743.jpg

71 0.44680437 0.69287986 -0.49478202 0.27472540 54.0263 30.4619 817.6680 1 001745.jpg

72 0.44550669 0.69058671 -0.49585374 0.28061208 52.5137 28.6215 814.6898 1 001756.jpg

73 0.44807050 0.68861764 -0.49188182 0.28825463 62.0269 26.0930 817.1085 1 001778.jpg

74 0.44616352 0.68800672 -0.49212819 0.29222360 59.1243 24.0638 814.1342 1 001782.jpg

75 0.44335032 0.66245413 -0.51367217 0.31738926 47.9595 41.3093 793.6619 1 001874.jpg

