1 0.41973836 0.80748994 0.37056592 -0.18563625 -11.0831 65.0132 988.2274 1 000001.jpg

2 0.41671427 0.79921790 0.38767775 -0.19314698 9.5897 61.0383 987.8358 1 000022.jpg

3 0.42917086 0.78500844 0.40336509 -0.19201759 11.4975 81.3965 994.7341 1 000032.jpg

4 0.42535963 0.79009730 0.39891859 -0.18888933 2.3047 61.8793 1001.5242 1 000038.jpg

5 0.41722132 0.79361357 0.40144380 -0.18694054 -1.8384 34.8751 1001.1782 1 000043.jpg

6 0.41584859 0.79352379 0.40217162 -0.18880713 -8.3727 33.8365 1001.4123 1 000050.jpg

7 0.41969189 0.79155211 0.40047932 -0.19214597 -16.9636 43.5816 999.5746 1 000056.jpg

8 0.41556104 0.78887087 0.40744184 -0.19744052 -6.3634 34.5026 996.6363 1 000063.jpg

9 0.41369624 0.78123444 0.42375948 -0.19737257 -0.1730 30.4525 993.8240 1 000069.jpg

10 0.41919305 0.75922477 0.45040944 -0.21209948 37.0642 55.4231 991.5491 1 000081.jpg

11 0.42351896 0.75395739 0.45330048 -0.21609858 31.5256 65.9506 988.6552 1 000086.jpg

12 0.42089198 0.75434259 0.45517084 -0.21595542 28.0089 57.8893 986.2078 1 000090.jpg

13 0.42515717 0.75145093 0.45173010 -0.22472895 29.5226 52.3579 1084.1667 1 000135.jpg

14 0.45180535 0.73159825 0.44611062 -0.24823566 31.6653 69.2619 1145.7147 1 000202.jpg

15 0.45968588 0.70901569 0.45864182 -0.27501546 27.2308 72.8574 1081.9400 1 000390.jpg

16 0.43175873 0.69386148 0.50407864 -0.27936567 49.1054 42.7210 1003.0277 1 000479.jpg

17 0.42273760 0.68390652 0.52327948 -0.28238808 64.5354 35.8109 969.0872 1 000514.jpg

18 0.42184401 0.68174489 0.52570691 -0.28443572 67.7873 38.8929 962.5159 1 000520.jpg

19 0.42198277 0.68194905 0.52555430 -0.28402247 63.7249 39.0030 958.7814 1 000524.jpg

20 0.42338314 0.68268838 0.52289853 -0.28506260 58.8969 43.7311 954.1949 1 000530.jpg

21 0.42613890 0.68236729 0.51869426 -0.28937297 59.8081 57.8987 948.0243 1 000537.jpg

22 0.42784452 0.67972531 0.51952494 -0.29157550 62.7249 64.6123 942.9859 1 000543.jpg

23 0.43026441 0.67519469 0.52399812 -0.29053483 67.4275 70.0682 933.3608 1 000560.jpg

24 0.43080834 0.67553532 0.52320173 -0.29037223 67.2545 70.5840 932.8147 1 000561.jpg

25 0.43460133 0.68113057 0.51627620 -0.28397525 57.7279 70.2360 929.6940 1 000568.jpg

26 0.43718526 0.68541022 0.51080176 -0.27957790 51.6638 71.9257 925.8170 1 000577.jpg

27 0.43785612 0.69137038 0.50362188 -0.27686415 50.1628 71.3608 924.6692 1 000583.jpg

28 0.43937791 0.69502356 0.49854965 -0.27447688 51.4675 73.7946 924.4392 1 000588.jpg

29 0.44003443 0.69546945 0.49739748 -0.27438596 51.4669 74.9161 924.0474 1 000589.jpg

30 0.44081282 0.69906598 0.49227578 -0.27323100 52.8230 78.1272 923.0288 1 000595.jpg

31 0.44275719 0.70053408 0.48937733 -0.27152872 51.9982 80.1094 922.9495 1 000598.jpg

32 0.44483013 0.70276152 0.48572986 -0.26892224 49.6027 84.2873 922.1705 1 000604.jpg

33 0.46572462 0.74528484 0.41895290 -0.22831915 7.5943 83.7167 934.4931 1 000681.jpg

34 0.48473534 0.76138558 0.38122439 -0.19997880 16.0346 92.3226 944.2261 1 000741.jpg

35 0.49496682 0.78106802 0.33220186 -0.18596428 42.7728 94.6393 952.9375 1 000866.jpg

36 0.50529199 0.79150274 0.30728233 -0.15420787 64.1482 95.0487 943.3394 1 001012.jpg

37 0.50439394 0.79067464 0.31184866 -0.15222130 95.6699 91.6871 939.8699 1 001024.jpg

38 0.50445664 0.79096838 0.31072824 -0.15277725 98.4312 92.7551 939.2052 1 001025.jpg

39 0.50493663 0.79174539 0.30768985 -0.15331429 103.5536 97.4159 937.5391 1 001028.jpg

40 0.50571435 0.79205534 0.30624191 -0.15204235 103.2916 98.6947 936.9582 1 001029.jpg

41 0.50548640 0.79346101 0.30390971 -0.15014103 104.5263 100.0034 934.9144 1 001032.jpg

42 0.50573634 0.79359681 0.30373539 -0.14892889 104.6694 99.4934 934.2643 1 001033.jpg

43 0.50451710 0.79754730 0.29918833 -0.14095063 95.9491 91.0489 933.1755 1 001039.jpg

44 0.50337734 0.80011497 0.29526970 -0.13871949 89.6180 87.5204 933.6894 1 001042.jpg

45 0.50126166 0.81161105 0.27140257 -0.12792471 61.1648 73.9249 936.3848 1 001063.jpg

46 0.49924689 0.81458394 0.26698599 -0.12618985 57.7258 68.0690 935.9124 1 001068.jpg

47 0.49799194 0.81838774 0.25990920 -0.12121360 51.2803 61.5945 937.1225 1 001080.jpg

48 0.49815247 0.81928933 0.25720798 -0.12022145 50.7681 60.9157 937.3795 1 001083.jpg

49 0.49716134 0.81960265 0.25880102 -0.11876005 56.8204 59.7811 937.9599 1 001089.jpg

50 0.49867389 0.81799098 0.26117861 -0.11832465 63.8506 64.0671 937.8836 1 001096.jpg

51 0.50217253 0.81563452 0.26044231 -0.12137910 67.5038 79.4943 938.9865 1 001106.jpg

52 0.50618006 0.81276908 0.26014715 -0.12454610 77.7475 93.9024 938.6415 1 001110.jpg

53 0.50687277 0.81251653 0.25974630 -0.12421362 80.1753 96.0711 939.0394 1 001111.jpg

54 0.50810678 0.82686015 0.22105821 -0.09624453 2.6378 69.3221 974.6239 1 001134.jpg

55 0.52355993 0.82409907 0.19597441 -0.09132431 -9.0576 81.5590 1029.2747 1 001178.jpg

56 0.54168095 0.82009530 0.16787017 -0.07645091 24.5195 97.2095 991.6121 1 001355.jpg

57 0.55353365 0.82210630 0.12113654 -0.05538868 37.2987 100.2467 962.9132 1 001531.jpg

58 0.55498108 0.82156494 0.11804547 -0.05560910 37.9915 102.4332 962.0167 1 001539.jpg

59 0.55552318 0.82103145 0.11859555 -0.05688737 45.7863 103.3907 962.9749 1 001543.jpg

60 0.55872444 0.81903344 0.11679201 -0.05805635 51.1941 110.4725 962.6693 1 001547.jpg

61 0.55892352 0.81891079 0.11687677 -0.05769707 53.9958 112.2975 962.1920 1 001550.jpg

62 0.55861838 0.81953175 0.11542943 -0.05467239 53.9703 108.7084 960.8591 1 001557.jpg

63 0.55831599 0.81983994 0.11530925 -0.05338017 53.6933 106.4860 960.4330 1 001559.jpg

64 0.56026802 0.81906335 0.11466793 -0.04567368 44.9503 106.3316 955.1803 1 001568.jpg

65 0.56074036 0.81929986 0.11295509 -0.03948485 34.7718 105.3434 951.4517 1 001573.jpg

66 0.56151024 0.81927535 0.11141791 -0.03286405 25.3397 104.3330 946.6776 1 001580.jpg

67 0.56256533 0.81870180 0.11136031 -0.02910106 22.4213 106.0902 943.6734 1 001585.jpg

68 0.56021670 0.81924638 0.11938340 -0.02720688 32.8359 97.2946 942.1933 1 001595.jpg

69 0.55963962 0.81968911 0.11906948 -0.02712996 35.3263 95.4714 942.2680 1 001597.jpg

70 0.55787835 0.82072329 0.11957383 -0.02978203 47.6628 92.1439 943.9361 1 001605.jpg

71 0.55999129 0.81958194 0.11732352 -0.03049021 52.6230 95.9575 944.4182 1 001613.jpg

72 0.56072208 0.81966186 0.11257328 -0.03275063 55.6686 100.6926 943.9113 1 001619.jpg

73 0.56037688 0.81997048 0.11160984 -0.03419484 62.4347 101.4425 944.5619 1 001625.jpg

74 0.55898658 0.82187304 0.10823860 -0.01852012 58.6146 87.6193 938.8606 1 001663.jpg

75 0.56439547 0.82335884 0.05846641 0.01096248 59.5044 76.8051 910.9726 1 001844.jpg

