1 0.50820690 0.85372120 0.10331944 -0.04701333 108.1543 118.9523 890.5810 1 000030.jpg

2 0.50370701 0.85298545 0.12261409 -0.06050839 93.8512 114.6294 883.6817 1 000077.jpg

3 0.50295775 0.85228829 0.12967282 -0.06182527 90.6710 116.3402 880.6748 1 000086.jpg

4 0.50441996 0.85086145 0.13580708 -0.05613428 74.0339 116.6808 878.6680 1 000094.jpg

5 0.50408531 0.85008428 0.14146375 -0.05694621 70.1093 116.3739 880.0416 1 000102.jpg

6 0.50487573 0.84951004 0.14242391 -0.05610836 68.5281 117.4241 880.3855 1 000103.jpg

7 0.50596072 0.84838256 0.14373828 -0.05992659 69.3065 120.8946 881.2849 1 000107.jpg

8 0.50259178 0.84909019 0.14933262 -0.06439520 70.0765 115.6656 883.0758 1 000114.jpg

9 0.50409473 0.84823788 0.14944651 -0.06361354 66.0058 120.0516 884.0577 1 000116.jpg

10 0.50039834 0.84932736 0.15267637 -0.07024304 72.1444 114.2929 886.9513 1 000121.jpg

11 0.50053771 0.84843108 0.15580449 -0.07315083 77.6684 116.2932 888.3873 1 000124.jpg

12 0.49692248 0.84829579 0.16421247 -0.08060119 87.9957 108.8360 889.1695 1 000135.jpg

13 0.49654413 0.84787278 0.16736709 -0.08089395 89.8330 108.1080 889.0858 1 000137.jpg

14 0.49315700 0.84608806 0.18353763 -0.08512019 89.3922 100.4397 886.5375 1 000154.jpg

15 0.49436199 0.84436811 0.18454125 -0.09269974 93.3593 108.5119 887.6788 1 000163.jpg

16 0.48201550 0.84808269 0.18862459 -0.11330399 99.1859 95.1901 877.2494 1 000215.jpg

17 0.50061937 0.82156979 0.24335035 -0.12322536 49.8905 131.2719 882.3896 1 000319.jpg

18 0.51399100 0.78611493 0.28718286 -0.18804901 111.6692 144.1955 898.8308 1 000444.jpg

19 0.52785391 0.76766553 0.30444991 -0.19841901 86.6390 144.4658 894.4760 1 000516.jpg

20 0.52758459 0.76696800 0.30729399 -0.19744606 87.1303 141.0398 893.6107 1 000519.jpg

21 0.53121088 0.76384919 0.30707292 -0.20013850 82.2241 146.4045 891.2870 1 000529.jpg

22 0.53139016 0.76281757 0.30756940 -0.20281755 84.3892 148.7073 891.4803 1 000531.jpg

23 0.53156279 0.76068483 0.30906339 -0.20803751 87.8883 147.6615 891.3756 1 000541.jpg

24 0.52540294 0.76122528 0.31449131 -0.21349995 92.3236 139.4612 892.4101 1 000553.jpg

25 0.51539305 0.76340911 0.32390747 -0.21601135 101.2426 121.5808 898.4816 1 000561.jpg

26 0.51401483 0.76358010 0.32503110 -0.21699909 102.5562 120.0021 899.3830 1 000562.jpg

27 0.50721100 0.76304486 0.33476345 -0.22007508 110.6211 111.2480 905.6688 1 000574.jpg

28 0.50644792 0.76302613 0.33496381 -0.22158695 110.8773 112.0613 906.3829 1 000576.jpg

29 0.50338107 0.76187758 0.34365307 -0.21921017 109.4324 104.9649 909.3381 1 000583.jpg

30 0.50314759 0.75975719 0.34734410 -0.22127752 111.5629 107.1849 908.9002 1 000588.jpg

31 0.50219145 0.75641023 0.35579957 -0.22148077 114.7674 106.4542 909.1444 1 000596.jpg

32 0.50060189 0.75361532 0.36459456 -0.22030131 116.7805 102.1689 909.7175 1 000603.jpg

33 0.49939220 0.75154458 0.37073084 -0.21987924 117.7692 100.1258 910.6424 1 000610.jpg

34 0.49708054 0.75115694 0.37397245 -0.22094923 119.5393 98.4042 911.6764 1 000617.jpg

35 0.49510770 0.75051499 0.37984751 -0.21751141 115.8691 86.1248 910.7540 1 000631.jpg

36 0.49488748 0.74870555 0.38343979 -0.21794596 115.8965 88.8881 911.4083 1 000635.jpg

37 0.49395078 0.74762206 0.38629378 -0.21874896 114.1160 88.6670 911.4580 1 000642.jpg

38 0.49391697 0.74695348 0.38696085 -0.21992675 113.6422 90.0145 911.2655 1 000646.jpg

39 0.49462584 0.74842835 0.38404244 -0.21843013 102.2550 93.9885 910.9086 1 000653.jpg

40 0.49429333 0.74887466 0.38362662 -0.21838368 98.6089 94.7247 911.0245 1 000655.jpg

41 0.49542928 0.74818347 0.38273233 -0.21974396 92.5203 99.9689 910.9062 1 000660.jpg

42 0.49523419 0.74853223 0.38226243 -0.21981348 89.9006 99.5472 910.9230 1 000662.jpg

43 0.49487571 0.74669204 0.38390526 -0.22397761 90.1531 104.0080 910.0480 1 000670.jpg

44 0.49608939 0.74280162 0.38621079 -0.23017865 97.8953 111.5874 908.4545 1 000677.jpg

45 0.49646583 0.74020099 0.38899198 -0.23304380 96.0866 114.0040 906.0284 1 000691.jpg

46 0.48574334 0.72056367 0.41317133 -0.27226990 87.2319 111.8933 883.3528 1 000826.jpg

47 0.45982555 0.69573396 0.45137907 -0.31744530 106.5938 100.1571 867.2845 1 000940.jpg

48 0.46830083 0.65838021 0.47477809 -0.34902078 101.5146 159.3751 831.2550 1 001035.jpg

49 0.46882913 0.65773323 0.47460541 -0.34976521 101.5599 160.2596 830.5901 1 001036.jpg

50 0.46577690 0.65588375 0.47885696 -0.35151740 101.5003 154.1255 826.6836 1 001051.jpg

51 0.46835468 0.65167492 0.48242612 -0.35103929 94.8279 154.6917 819.7712 1 001068.jpg

52 0.46811720 0.65265868 0.48120712 -0.35120177 91.5326 153.4921 818.5196 1 001072.jpg

53 0.46961741 0.65054658 0.48194397 -0.35210609 86.2135 155.9328 814.1297 1 001082.jpg

54 0.46751612 0.65156897 0.48143867 -0.35369928 86.4361 154.5085 813.6129 1 001084.jpg

55 0.46205278 0.65341507 0.48204582 -0.35663361 87.6267 146.9222 809.9434 1 001094.jpg

56 0.46121237 0.65382624 0.48205698 -0.35695306 87.8789 145.5615 808.8913 1 001097.jpg

57 0.45346602 0.66344442 0.47869458 -0.35364047 75.9219 126.2081 809.4422 1 001113.jpg

58 0.44636308 0.66680807 0.47666677 -0.35904781 75.8227 118.8760 807.4083 1 001129.jpg

59 0.44125168 0.66930057 0.47268300 -0.36592935 75.8088 116.8486 806.0135 1 001144.jpg

60 0.44097637 0.66945538 0.47281120 -0.36581318 74.5924 117.4431 806.1324 1 001146.jpg

61 0.43876390 0.66721305 0.47304268 -0.37221462 76.8819 118.6662 802.3609 1 001164.jpg

62 0.43814726 0.66743370 0.47262784 -0.37307110 76.5819 118.7027 801.7480 1 001167.jpg

63 0.43443765 0.67101919 0.46891096 -0.37565897 69.8243 115.0093 801.1259 1 001177.jpg

64 0.43533681 0.67051417 0.46924064 -0.37510755 68.0494 114.6751 800.9413 1 001180.jpg

65 0.43985083 0.65880972 0.47669758 -0.38113053 49.0188 108.8604 778.8038 1 001278.jpg

66 0.42631354 0.61979089 0.51383661 -0.41241744 36.2959 102.3268 762.0387 1 001511.jpg

67 0.42973030 0.61916335 0.51152778 -0.41268367 24.3981 110.1254 765.5266 1 001529.jpg

68 0.42753347 0.61822528 0.51254779 -0.41509897 19.9808 112.5684 767.3626 1 001549.jpg

69 0.42720250 0.61449207 0.50890242 -0.42534162 21.2818 138.4157 774.3667 1 001584.jpg

70 0.41770401 0.61631303 0.50807258 -0.43306321 32.1034 134.7688 776.5236 1 001599.jpg

71 0.41196939 0.61483906 0.51265245 -0.43524886 40.7023 131.2014 780.3750 1 001614.jpg

72 0.41131047 0.60908296 0.52006709 -0.43516896 44.3307 130.9121 790.8745 1 001639.jpg

73 0.41048939 0.60813082 0.52341081 -0.43326261 44.6490 126.3552 800.0767 1 001669.jpg

74 0.41018022 0.60748730 0.52398009 -0.43376993 46.1337 127.4272 801.7909 1 001672.jpg

75 0.40705039 0.60948437 0.52314754 -0.43492009 45.8587 120.3144 805.4386 1 001684.jpg

