1 0.55473079 0.82685107 0.06827420 -0.06268761 -21.1749 85.6452 849.3645 1 000001.jpg

2 0.55723402 0.82521748 0.06959459 -0.06052390 -14.2815 90.0236 851.1641 1 000024.jpg

3 0.55853805 0.82439684 0.07105443 -0.05793325 -6.7247 91.8424 852.0824 1 000032.jpg

4 0.55920435 0.82434535 0.06911315 -0.05448308 -2.7901 93.5085 854.6308 1 000039.jpg

5 0.56156634 0.82315787 0.06851610 -0.04858268 -3.3648 94.7316 858.2168 1 000046.jpg

6 0.56034565 0.82457140 0.06398606 -0.04472985 -2.4576 90.9151 858.3956 1 000053.jpg

7 0.56163756 0.82412312 0.06225315 -0.03884765 -2.4234 91.6813 858.7576 1 000062.jpg

8 0.56225328 0.82472218 0.05174466 -0.03205673 -11.1124 91.0899 860.6902 1 000075.jpg

9 0.56274195 0.82462175 0.05039646 -0.02793989 -8.5821 92.5075 863.5312 1 000085.jpg

10 0.55979304 0.82691989 0.04733062 -0.02438106 -6.1933 83.3847 864.5892 1 000098.jpg

11 0.55898681 0.82736881 0.04858871 -0.02517622 3.5008 81.0109 864.2108 1 000104.jpg

12 0.55785437 0.82810904 0.04932932 -0.02450268 6.6506 79.0201 864.0847 1 000107.jpg

13 0.55585632 0.82959702 0.04637666 -0.02534023 12.9670 75.1528 864.2492 1 000116.jpg

14 0.55558190 0.82971475 0.04788902 -0.02467098 16.7994 74.1008 864.0611 1 000119.jpg

15 0.55492229 0.83032662 0.04592512 -0.02257645 19.6440 74.8347 864.7724 1 000128.jpg

16 0.55313064 0.83160915 0.04557002 -0.01991379 19.0790 71.0550 865.5749 1 000132.jpg

17 0.55440035 0.83075660 0.04654367 -0.01782065 23.5341 73.4525 864.9617 1 000140.jpg

18 0.55519231 0.83015829 0.04810360 -0.01686082 27.1851 75.9769 864.5821 1 000143.jpg

19 0.56416753 0.82551986 -0.01519593 0.00106258 10.7062 91.1449 866.5309 1 000254.jpg

20 0.55109255 0.82985154 -0.07554552 0.04399910 -17.6232 97.4108 819.0292 1 000357.jpg

21 0.54950205 0.81910159 -0.14169897 0.08391461 -26.8814 96.4282 822.0204 1 000498.jpg

22 0.54388625 0.82124296 -0.14695867 0.09027853 -23.2752 90.4546 811.3789 1 000515.jpg

23 0.54308931 0.82155456 -0.14790187 0.09070239 -23.4501 90.0691 810.0588 1 000517.jpg

24 0.54103281 0.82158372 -0.15213683 0.09559448 -29.4434 89.3531 808.7267 1 000522.jpg

25 0.54124070 0.82227371 -0.14855693 0.09409861 -18.4205 90.1958 810.2223 1 000527.jpg

26 0.54797993 0.81946706 -0.14247009 0.08884906 -2.1688 100.7655 819.1798 1 000535.jpg

27 0.54939899 0.81829282 -0.14376628 0.08881705 -2.2571 105.1789 820.6421 1 000538.jpg

28 0.54901685 0.81771124 -0.14569287 0.09328949 -2.5969 104.8207 824.2244 1 000551.jpg

29 0.54845579 0.81811107 -0.14506865 0.09405179 -1.2569 102.5680 825.2918 1 000553.jpg

30 0.54685304 0.81940753 -0.14547132 0.09144047 8.4345 96.5202 829.2179 1 000559.jpg

31 0.54593017 0.81996705 -0.14596464 0.09114948 13.0938 92.7482 831.9431 1 000563.jpg

32 0.54570734 0.82037975 -0.14350740 0.09266139 17.7673 90.7002 832.6521 1 000567.jpg

33 0.54475499 0.82113337 -0.14169135 0.09436949 21.4829 88.6261 832.7941 1 000570.jpg

34 0.54665963 0.81995309 -0.13951982 0.09682396 25.4727 92.5259 832.5235 1 000575.jpg

35 0.54674651 0.81966915 -0.13971505 0.09844096 25.6868 93.9986 833.4648 1 000578.jpg

36 0.54960236 0.81697885 -0.14256613 0.10078832 27.0940 99.1356 837.4982 1 000587.jpg

37 0.54931070 0.81663164 -0.14293063 0.10460064 22.8512 100.4873 838.9009 1 000589.jpg

38 0.54973175 0.81575741 -0.14468820 0.10677026 24.3348 99.9864 844.2547 1 000596.jpg

39 0.54939558 0.81617148 -0.14359813 0.10680829 27.8692 97.9053 845.9963 1 000598.jpg

40 0.54967058 0.81584410 -0.14315456 0.10847997 29.5843 97.7926 848.4122 1 000601.jpg

41 0.54963033 0.81567051 -0.14359601 0.10939944 28.9979 97.4675 849.8222 1 000603.jpg

42 0.54974926 0.81548950 -0.14339228 0.11041170 27.7546 97.3876 850.3345 1 000604.jpg

43 0.54894672 0.81498939 -0.14668782 0.11372051 21.8111 96.5074 852.2809 1 000608.jpg

44 0.54611583 0.81322583 -0.16111976 0.12025608 6.1942 90.8337 852.9711 1 000628.jpg

45 0.54550458 0.81381168 -0.16157605 0.11843897 10.6171 89.9721 852.4185 1 000631.jpg

46 0.54468821 0.81418597 -0.16216754 0.11881843 12.7689 88.7394 852.3822 1 000634.jpg

47 0.54549060 0.81284076 -0.16670003 0.11807261 16.9782 91.7235 851.1240 1 000644.jpg

48 0.54565580 0.81182222 -0.16903490 0.12095950 17.1133 94.2783 848.8917 1 000653.jpg

49 0.53342221 0.80913861 -0.20767058 0.13277194 18.1417 104.7186 797.9187 1 000753.jpg

50 0.51274214 0.78728267 -0.30090315 0.16351787 -0.7747 94.5089 777.5098 1 000956.jpg

51 0.50743128 0.77039004 -0.34542692 0.17231595 8.2575 90.9044 786.1356 1 001025.jpg

52 0.50763446 0.76910263 -0.34626343 0.17575639 4.3051 93.9186 786.1201 1 001028.jpg

53 0.50518165 0.76792724 -0.34711390 0.18598755 -5.0458 93.9288 781.5993 1 001036.jpg

54 0.50452453 0.76805681 -0.34746309 0.18658359 -5.2740 93.1552 781.0160 1 001037.jpg

55 0.50528012 0.76704532 -0.34670516 0.19007575 -2.6266 93.9135 778.2937 1 001044.jpg

56 0.50603434 0.76693560 -0.34486311 0.19185358 -0.0789 96.2592 778.6059 1 001046.jpg

57 0.50642250 0.76660743 -0.34473942 0.19236458 1.2160 97.7497 778.8795 1 001047.jpg

58 0.50695118 0.76646286 -0.34384317 0.19315124 2.4471 98.8820 779.0061 1 001048.jpg

59 0.50716146 0.76635505 -0.34332897 0.19394119 3.2029 99.9903 779.3353 1 001049.jpg

60 0.50769381 0.76663088 -0.34189397 0.19399094 9.9578 98.9575 780.6780 1 001054.jpg

61 0.50780877 0.76852158 -0.33745301 0.19398542 20.9755 97.9705 787.2538 1 001062.jpg

62 0.50856145 0.76856395 -0.33643491 0.19361377 23.5757 97.9511 789.2930 1 001064.jpg

63 0.50937535 0.76762008 -0.33648571 0.19512477 24.7487 101.0770 796.7396 1 001070.jpg

64 0.51038662 0.76678588 -0.33648972 0.19575356 24.8842 102.6794 797.9590 1 001071.jpg

65 0.51167372 0.76437871 -0.33861026 0.19813701 23.8880 106.9452 806.0429 1 001078.jpg

66 0.51048531 0.76471496 -0.33904242 0.19916293 28.2108 102.8188 813.2079 1 001087.jpg

67 0.50475687 0.76510994 -0.34423053 0.20330580 21.5181 93.1191 816.1395 1 001097.jpg

68 0.50357125 0.76695652 -0.34133253 0.20417022 30.5008 88.9665 818.8444 1 001108.jpg

69 0.50370850 0.76599710 -0.34005928 0.20948972 30.1002 91.3911 821.7996 1 001116.jpg

70 0.50302560 0.76677559 -0.33856920 0.21069206 36.0580 88.9713 825.8447 1 001124.jpg

71 0.49395977 0.76373376 -0.34811444 0.22700391 9.2258 84.1263 830.8685 1 001135.jpg

72 0.49699650 0.76061653 -0.34900931 0.22945475 13.3073 88.8854 829.4210 1 001146.jpg

73 0.49637365 0.76133222 -0.34942860 0.22778550 23.3759 84.0439 831.9945 1 001158.jpg

74 0.50041633 0.75751775 -0.34836794 0.23321531 24.4369 90.9658 837.2357 1 001171.jpg

75 0.50055344 0.75260096 -0.35620755 0.23696820 24.1400 84.9370 850.3686 1 001202.jpg

