1 0.50774575 0.85299039 0.10506134 -0.05970163 -1.2137 82.9818 942.9683 1 000001.jpg

2 0.50722850 0.85260440 0.10833422 -0.06363355 -1.4956 78.8437 941.7516 1 000029.jpg

3 0.50804921 0.85227177 0.10944148 -0.05951195 -17.6746 81.4816 939.6216 1 000037.jpg

4 0.51109270 0.84759183 0.12460676 -0.06961066 5.3526 92.6307 928.1587 1 000055.jpg

5 0.50595331 0.85093129 0.12398259 -0.06749684 -5.9362 82.5544 920.0504 1 000061.jpg

6 0.50197709 0.85333526 0.12486626 -0.06515885 -17.3433 74.6436 914.6626 1 000068.jpg

7 0.50083306 0.85203941 0.13393180 -0.07251019 -8.3540 72.6563 915.7335 1 000080.jpg

8 0.49957892 0.85164723 0.13846960 -0.07709768 -8.3959 69.4890 917.8763 1 000088.jpg

9 0.48551367 0.85518755 0.16151691 -0.08272384 18.2084 37.6266 926.9287 1 000099.jpg

10 0.49108518 0.85185680 0.16039433 -0.08630820 11.3823 50.3744 930.8647 1 000114.jpg

11 0.49516982 0.84877043 0.16220316 -0.08992123 9.8341 60.4008 936.5323 1 000120.jpg

12 0.49505714 0.84864245 0.16123457 -0.09342290 5.6101 58.8958 942.3533 1 000126.jpg

13 0.49507269 0.84865114 0.16125619 -0.09322434 4.6000 57.5066 943.4107 1 000127.jpg

14 0.49179894 0.85020262 0.16268240 -0.09393349 -1.6441 52.0466 948.9812 1 000132.jpg

15 0.49676407 0.83905676 0.19232310 -0.11054715 -6.2611 35.0059 1009.8077 1 000164.jpg

16 0.49543531 0.80234391 0.28263099 -0.17580627 95.9504 96.4703 979.6469 1 000242.jpg

17 0.48651909 0.77755530 0.34348618 -0.20180291 100.5327 96.6539 976.1036 1 000274.jpg

18 0.47479662 0.75384962 0.39687955 -0.22082932 88.9889 91.6962 960.7933 1 000320.jpg

19 0.43447805 0.74580695 0.43663478 -0.25367488 135.1421 77.0667 876.2229 1 000422.jpg

20 0.42038321 0.72570156 0.47169356 -0.27228773 99.4787 78.2010 854.5484 1 000455.jpg

21 0.40049773 0.69232290 0.51894463 -0.30164036 94.8150 87.9291 857.6186 1 000492.jpg

22 0.39317457 0.67655063 0.53779900 -0.31379182 76.9080 95.5862 852.3591 1 000510.jpg

23 0.38932577 0.67640077 0.54091415 -0.31355924 73.8017 90.5772 848.9820 1 000514.jpg

24 0.38769633 0.67646951 0.54151701 -0.31438856 75.6621 89.7935 848.3459 1 000515.jpg

25 0.38524396 0.67044140 0.55060740 -0.31452687 77.1817 88.9807 844.5819 1 000523.jpg

26 0.38474080 0.66806016 0.55296929 -0.31606145 78.9527 92.4754 844.6436 1 000525.jpg

27 0.38416905 0.66441324 0.55612077 -0.31890267 75.1361 95.6684 844.2629 1 000530.jpg

28 0.38214910 0.66467774 0.55555757 -0.32174691 69.1852 96.1811 845.6637 1 000535.jpg

29 0.37759431 0.66210611 0.55852755 -0.32723852 88.8386 94.9952 853.3959 1 000545.jpg

30 0.37668343 0.66718558 0.55713247 -0.32027501 84.0493 78.8978 848.8844 1 000561.jpg

31 0.37382693 0.66932311 0.55777807 -0.31803134 90.7166 74.4512 842.4954 1 000567.jpg

32 0.36373948 0.66428382 0.56727070 -0.32345700 104.4049 64.8188 839.3488 1 000615.jpg

33 0.36431692 0.66503363 0.56543795 -0.32447382 92.1967 65.4790 842.1308 1 000629.jpg

34 0.36477036 0.66630961 0.56287534 -0.32579967 82.6749 68.0234 843.2028 1 000636.jpg

35 0.36444309 0.66624189 0.56302937 -0.32603815 82.1439 67.7214 843.3301 1 000637.jpg

36 0.36392181 0.66482069 0.56554385 -0.32516851 74.3349 67.8063 842.2335 1 000648.jpg

37 0.35018291 0.63240665 0.59870456 -0.34494494 64.3558 79.1355 839.1252 1 000710.jpg

38 0.32973760 0.59473269 0.63568811 -0.36533104 43.8010 83.6683 837.1139 1 000801.jpg

39 0.30113746 0.55595117 0.67916622 -0.37278393 24.6448 65.6652 813.4654 1 000908.jpg

40 0.29517457 0.53925703 0.68876338 -0.38428945 22.4454 75.3666 837.3550 1 001026.jpg

41 0.29550810 0.54089426 0.68734598 -0.38427045 18.9790 75.2652 837.5847 1 001027.jpg

42 0.29630775 0.54407213 0.68427462 -0.38465003 6.3230 76.3911 841.0769 1 001032.jpg

43 0.29629627 0.54329593 0.68375398 -0.38667636 6.2671 77.6053 843.3319 1 001034.jpg

44 0.29410851 0.53986780 0.68536177 -0.39028476 12.7332 80.2818 849.7040 1 001039.jpg

45 0.29127255 0.53662389 0.68748291 -0.39314432 17.5653 80.0888 853.5303 1 001044.jpg

46 0.28989496 0.53566199 0.68847894 -0.39373027 13.4583 78.8038 854.3731 1 001048.jpg

47 0.29041388 0.53445523 0.68758145 -0.39654647 6.5793 79.4682 853.4324 1 001054.jpg

48 0.28703656 0.53488556 0.69052154 -0.39330308 0.0564 77.0782 852.1370 1 001060.jpg

49 0.28595611 0.53353570 0.69194527 -0.39342165 -0.1210 76.0836 850.3719 1 001063.jpg

50 0.28562161 0.53293615 0.69264349 -0.39324812 -0.7149 75.0077 849.9354 1 001064.jpg

51 0.28491190 0.53073810 0.69407727 -0.39420683 -3.1891 77.3609 848.7323 1 001068.jpg

52 0.28391566 0.52890349 0.69475103 -0.39619948 -2.8677 80.6422 848.6987 1 001070.jpg

53 0.28221165 0.52882121 0.69459251 -0.39780159 -1.7006 82.2912 848.8460 1 001071.jpg

54 0.28104944 0.52816065 0.69447336 -0.39970540 -3.4813 82.4081 848.2043 1 001073.jpg

55 0.28019549 0.52858442 0.69452340 -0.39965716 -5.2640 81.0913 847.7922 1 001074.jpg

56 0.27902456 0.52877760 0.69505449 -0.39929783 -6.3581 77.7778 847.4560 1 001075.jpg

57 0.27840095 0.52919071 0.69559327 -0.39824602 -8.6335 74.8853 846.9074 1 001076.jpg

58 0.27756872 0.53032184 0.69588074 -0.39681800 -12.8345 71.2061 845.9923 1 001078.jpg

59 0.27642653 0.53050170 0.69652369 -0.39624675 -16.0847 67.3896 844.7489 1 001081.jpg

60 0.27345474 0.52775486 0.69970601 -0.39636968 -15.6344 65.7738 844.4872 1 001090.jpg

61 0.27136022 0.52725675 0.70128168 -0.39568693 -16.0565 63.0277 844.4411 1 001093.jpg

62 0.26522881 0.51849941 0.70518065 -0.40439141 -0.0177 70.9039 847.2797 1 001103.jpg

63 0.26592510 0.51896788 0.70522284 -0.40325835 -5.5228 68.2678 846.9812 1 001110.jpg

64 0.26543390 0.50074500 0.71504808 -0.40927423 11.4039 79.2565 854.5526 1 001124.jpg

65 0.26278487 0.49866831 0.71596037 -0.41191596 11.4025 81.2766 855.7902 1 001129.jpg

66 0.26183727 0.49979864 0.71505996 -0.41271294 9.9323 82.5058 855.7448 1 001131.jpg

67 0.26184751 0.49951567 0.71540198 -0.41245587 8.9662 83.2384 855.7748 1 001132.jpg

68 0.25755400 0.49319384 0.71993194 -0.41487776 13.2434 84.4693 855.5333 1 001148.jpg

69 0.25553903 0.49107411 0.72167773 -0.41560483 15.7293 83.8770 855.0840 1 001152.jpg

70 0.23084284 0.46369976 0.74599564 -0.41855070 38.7962 60.9236 845.7465 1 001251.jpg

71 0.18068450 0.41618484 0.78735808 -0.41738569 58.1047 45.1945 800.6586 1 001490.jpg

72 0.17657600 0.40421322 0.78895675 -0.42776141 28.2214 58.3615 814.7745 1 001539.jpg

73 0.17496627 0.40288680 0.78877801 -0.42999804 29.1637 61.1119 815.4939 1 001541.jpg

74 0.17296967 0.40080094 0.78887166 -0.43257543 32.2757 63.6315 816.3040 1 001544.jpg

75 0.17164907 0.39914736 0.78946596 -0.43354529 35.0630 63.7953 817.0140 1 001546.jpg

