1 0.39209990 0.88691939 -0.18233083 0.16244120 34.5963 117.9987 977.1057 1 000001.jpg

2 0.39655627 0.88358078 -0.18060912 0.17148913 23.8953 122.8849 969.8614 1 000021.jpg

3 0.39835931 0.88483247 -0.18003973 0.16114350 34.0016 119.4043 973.0837 1 000034.jpg

4 0.39956656 0.88635983 -0.17657784 0.15340497 41.1589 121.4598 973.7090 1 000039.jpg

5 0.41333220 0.88241855 -0.16862519 0.14852504 46.1188 149.7919 970.1065 1 000048.jpg

6 0.41464571 0.88343251 -0.15245618 0.15611917 33.8837 144.9177 963.2116 1 000052.jpg

7 0.40983127 0.88820395 -0.14281039 0.15078885 39.9118 128.0373 961.6064 1 000057.jpg

8 0.41076536 0.88918221 -0.13971433 0.14528125 43.7145 122.9114 958.6656 1 000061.jpg

9 0.41352371 0.88810022 -0.14268941 0.14112371 38.7578 124.5395 958.5556 1 000065.jpg

10 0.41281799 0.88950703 -0.14244913 0.13441265 39.1109 115.7729 959.6234 1 000071.jpg

11 0.42168514 0.88419526 -0.14402814 0.14012912 19.8312 128.1142 955.4578 1 000080.jpg

12 0.42204272 0.88423809 -0.14257811 0.14026539 19.0568 127.2528 955.1243 1 000081.jpg

13 0.42215161 0.88467565 -0.13920497 0.14056649 15.2635 121.6802 954.2592 1 000084.jpg

14 0.42224249 0.88412230 -0.14147194 0.14150927 14.2855 116.4681 954.0191 1 000088.jpg

15 0.42785623 0.88045755 -0.14303642 0.14585655 3.0196 122.7061 951.4978 1 000092.jpg

16 0.43773030 0.87404162 -0.15175250 0.14633800 -8.1826 135.4938 946.8404 1 000097.jpg

17 0.43867097 0.87332425 -0.15419559 0.14524531 -8.9947 135.1556 946.0764 1 000098.jpg

18 0.44540494 0.86715137 -0.15907488 0.15607050 -36.9523 144.6266 941.8661 1 000114.jpg

19 0.44629446 0.86551993 -0.16305748 0.15845707 -43.9136 143.4072 940.4968 1 000116.jpg

20 0.44696762 0.86252725 -0.17712368 0.15777762 -46.0279 138.9541 942.7694 1 000121.jpg

21 0.44330883 0.86003023 -0.19477775 0.16089405 -57.3424 125.1246 945.7749 1 000127.jpg

22 0.44338692 0.85536746 -0.21273313 0.16278489 -64.4407 119.1384 950.6923 1 000132.jpg

23 0.44339190 0.85096107 -0.22512252 0.16908182 -74.7729 119.1182 956.1403 1 000136.jpg

24 0.43917794 0.84951501 -0.23408945 0.17506924 -84.7967 110.4027 959.1185 1 000143.jpg

25 0.43958671 0.85064446 -0.23433498 0.16809061 -66.6488 100.1515 965.8067 1 000150.jpg

26 0.43761986 0.85045899 -0.23715165 0.17019836 -62.5153 92.2020 967.8726 1 000156.jpg

27 0.43642697 0.85006147 -0.24245923 0.16775149 -57.4699 81.4700 970.8876 1 000164.jpg

28 0.43593186 0.84991264 -0.24312881 0.16882026 -56.6844 80.8049 971.1904 1 000165.jpg

29 0.43586553 0.84994735 -0.24330801 0.16855868 -54.7549 78.8717 971.7070 1 000167.jpg

30 0.43542033 0.84999706 -0.24418408 0.16819085 -53.0729 77.3161 972.6754 1 000169.jpg

31 0.43608738 0.84956827 -0.24527193 0.16704308 -51.2511 75.2475 973.2748 1 000170.jpg

32 0.43606901 0.84896025 -0.24646884 0.16841433 -50.7609 74.4772 973.1960 1 000171.jpg

33 0.43678521 0.84803066 -0.24785896 0.16920004 -49.7401 73.9058 973.5885 1 000173.jpg

34 0.43761605 0.84739350 -0.24850999 0.16929086 -48.7619 75.1160 973.9394 1 000175.jpg

35 0.45814413 0.81691432 -0.28727615 0.20056773 -50.5209 101.4167 925.0186 1 000259.jpg

36 0.48487035 0.80159263 -0.26289008 0.23073565 7.1259 132.8705 870.2107 1 000388.jpg

37 0.45158087 0.77929840 -0.34232811 0.26754514 -40.4597 74.5881 854.6528 1 000516.jpg

38 0.45117861 0.77930722 -0.34340982 0.26681037 -36.2522 72.7240 854.4681 1 000520.jpg

39 0.45184571 0.78114883 -0.33959245 0.26517738 -24.7191 70.8544 855.6598 1 000524.jpg

40 0.45325302 0.78314702 -0.33383259 0.26419337 -15.1899 72.7583 856.4022 1 000526.jpg

41 0.45403606 0.78274070 -0.33269447 0.26548543 -13.5966 74.7747 855.9232 1 000527.jpg

42 0.45561974 0.78047870 -0.33464078 0.26698166 -11.7323 83.1151 856.4275 1 000532.jpg

43 0.45213336 0.77921258 -0.33761775 0.27279558 -19.1581 84.0728 862.5167 1 000537.jpg

44 0.45088404 0.77916542 -0.33666471 0.27615574 -22.6506 82.8468 864.9722 1 000539.jpg

45 0.44843525 0.77424835 -0.34836335 0.27944296 -33.5989 79.5379 872.7841 1 000543.jpg

46 0.44905130 0.77336376 -0.34958614 0.27937597 -34.0656 79.6742 874.4400 1 000544.jpg

47 0.45183353 0.76723611 -0.35628341 0.28329708 -39.6540 89.6225 884.5577 1 000550.jpg

48 0.45387574 0.76407477 -0.35930090 0.28476238 -40.0821 92.0288 894.0689 1 000556.jpg

49 0.45192570 0.76210039 -0.36573725 0.28496049 -41.4419 90.7251 904.1173 1 000561.jpg

50 0.45219683 0.76020491 -0.36744731 0.28738304 -41.0043 92.3961 911.8059 1 000567.jpg

51 0.45440668 0.75886099 -0.36778673 0.28701469 -33.4183 96.0635 918.8183 1 000574.jpg

52 0.45509964 0.75798730 -0.36846857 0.28735046 -32.3757 96.0004 919.2786 1 000575.jpg

53 0.45917658 0.75364581 -0.36821110 0.29256714 -27.2360 103.8974 925.2820 1 000582.jpg

54 0.45624196 0.75626318 -0.37141105 0.28629190 -20.8209 97.5142 929.5456 1 000587.jpg

55 0.45652444 0.75683023 -0.37044371 0.28559575 -17.1820 96.9857 930.6894 1 000589.jpg

56 0.45768919 0.75515330 -0.37164143 0.28661224 -15.4441 100.3148 932.9798 1 000593.jpg

57 0.45774050 0.75390533 -0.37326437 0.28770502 -18.0655 101.0602 933.8827 1 000594.jpg

58 0.45868694 0.74781615 -0.38311555 0.28913631 -24.1000 100.5770 942.9208 1 000604.jpg

59 0.46244424 0.73908964 -0.38743406 0.29964403 -33.1806 117.8222 960.3772 1 000608.jpg

60 0.46347956 0.73601681 -0.39279232 0.29863085 -26.3713 122.9890 963.2894 1 000622.jpg

61 0.46542305 0.73525795 -0.39090567 0.29994970 -22.8410 128.7585 963.8366 1 000625.jpg

62 0.46617134 0.73689484 -0.38854968 0.29782448 -14.6970 136.4946 964.5703 1 000632.jpg

63 0.46911268 0.73260597 -0.38964159 0.30232620 -10.4897 151.2562 958.4650 1 000638.jpg

64 0.46416867 0.72938519 -0.39912999 0.30535221 -21.8650 146.3002 951.0068 1 000643.jpg

65 0.45910854 0.72516240 -0.40882636 0.31019383 -42.9846 144.8170 941.2152 1 000650.jpg

66 0.45816338 0.72419145 -0.41349322 0.30766260 -45.1017 144.4972 930.3954 1 000653.jpg

67 0.45192978 0.73315261 -0.40637719 0.30513064 -39.2802 133.2314 919.7536 1 000656.jpg

68 0.45344118 0.74563530 -0.38850159 0.29577979 -8.6003 130.2961 910.9810 1 000662.jpg

69 0.45437815 0.75088448 -0.38237207 0.28897135 5.4768 129.1321 902.6468 1 000666.jpg

70 0.45326576 0.75878884 -0.37160075 0.28408180 20.9671 127.1381 893.8496 1 000669.jpg

71 0.45262045 0.76590551 -0.36158540 0.27888959 36.7805 124.6886 883.6065 1 000678.jpg

72 0.45131013 0.76089750 -0.36321515 0.29228214 2.8508 130.8532 881.2622 1 000688.jpg

73 0.41611314 0.73179557 -0.42006438 0.33892594 -71.8423 79.1818 911.8257 1 000742.jpg

74 0.41112541 0.71560586 -0.43303970 0.36243729 -28.0132 81.5557 922.8192 1 000820.jpg

75 0.41917603 0.68731507 -0.44731051 0.38961826 3.4977 98.5648 869.6178 1 000886.jpg

